Date,Positive Total,Positive New,7-day confirmed case average
2020-01-29T00:00:00Z,1,1,NA
2020-01-30T00:00:00Z,1,0,NA
2020-01-31T00:00:00Z,1,0,NA
2020-02-01T00:00:00Z,1,0,NA
2020-02-02T00:00:00Z,1,0,NA
2020-02-03T00:00:00Z,1,0,NA
2020-02-04T00:00:00Z,1,0,0.142857143
2020-02-05T00:00:00Z,1,0,0
2020-02-06T00:00:00Z,2,1,0.142857143
2020-02-07T00:00:00Z,2,0,0.142857143
2020-02-08T00:00:00Z,2,0,0.142857143
2020-02-09T00:00:00Z,2,0,0.142857143
2020-02-10T00:00:00Z,2,0,0.142857143
2020-02-11T00:00:00Z,2,0,0.142857143
2020-02-12T00:00:00Z,2,0,0.142857143
2020-02-13T00:00:00Z,2,0,0
2020-02-14T00:00:00Z,2,0,0
2020-02-15T00:00:00Z,2,0,0
2020-02-16T00:00:00Z,2,0,0
2020-02-17T00:00:00Z,2,0,0
2020-02-18T00:00:00Z,2,0,0
2020-02-19T00:00:00Z,2,0,0
2020-02-20T00:00:00Z,2,0,0
2020-02-21T00:00:00Z,2,0,0
2020-02-22T00:00:00Z,2,0,0
2020-02-23T00:00:00Z,2,0,0
2020-02-24T00:00:00Z,2,0,0
2020-02-25T00:00:00Z,2,0,0
2020-02-26T00:00:00Z,2,0,0
2020-02-27T00:00:00Z,2,0,0
2020-02-28T00:00:00Z,2,0,0
2020-02-29T00:00:00Z,2,0,0
2020-03-01T00:00:00Z,3,1,0.142857143
2020-03-02T00:00:00Z,3,0,0.142857143
2020-03-03T00:00:00Z,4,1,0.285714286
2020-03-04T00:00:00Z,6,2,0.571428571
2020-03-05T00:00:00Z,14,8,1.714285714
2020-03-06T00:00:00Z,28,14,3.714285714
2020-03-07T00:00:00Z,72,44,10
2020-03-08T00:00:00Z,91,19,12.57142857
2020-03-09T00:00:00Z,96,5,13.28571429
2020-03-10T00:00:00Z,110,14,15.14285714
2020-03-11T00:00:00Z,132,22,18
2020-03-12T00:00:00Z,161,29,21
2020-03-13T00:00:00Z,222,61,27.71428571
2020-03-14T00:00:00Z,295,73,31.85714286
2020-03-15T00:00:00Z,363,68,38.85714286
2020-03-16T00:00:00Z,513,150,59.57142857
2020-03-17T00:00:00Z,762,249,93.14285714
2020-03-18T00:00:00Z,1021,259,127
2020-03-19T00:00:00Z,1299,278,162.5714286
2020-03-20T00:00:00Z,1687,388,209.2857143
2020-03-21T00:00:00Z,2009,322,244.8571429
2020-03-22T00:00:00Z,2295,286,276
2020-03-23T00:00:00Z,2904,609,341.5714286
2020-03-24T00:00:00Z,3622,718,408.5714286
2020-03-25T00:00:00Z,4368,746,478.1428571
2020-03-26T00:00:00Z,5303,935,572
2020-03-27T00:00:00Z,6246,943,651.2857143
2020-03-28T00:00:00Z,6900,654,698.7142857
2020-03-29T00:00:00Z,7423,523,732.5714286
2020-03-30T00:00:00Z,8661,1238,822.4285714
2020-03-31T00:00:00Z,9927,1266,900.7142857
2020-04-01T00:00:00Z,11265,1338,985.2857143
2020-04-02T00:00:00Z,12540,1275,1033.857143
2020-04-03T00:00:00Z,14020,1480,1110.571429
2020-04-04T00:00:00Z,15182,1162,1183.142857
2020-04-05T00:00:00Z,16159,977,1248
2020-04-06T00:00:00Z,18091,1932,1347.142857
2020-04-07T00:00:00Z,20112,2021,1455
2020-04-08T00:00:00Z,21976,1864,1530.142857
2020-04-09T00:00:00Z,23954,1978,1630.571429
2020-04-10T00:00:00Z,26009,2055,1712.714286
2020-04-11T00:00:00Z,27338,1329,1736.571429
2020-04-12T00:00:00Z,28268,930,1729.857143
2020-04-13T00:00:00Z,30254,1986,1737.571429
2020-04-14T00:00:00Z,33181,2927,1867
2020-04-15T00:00:00Z,35721,2540,1963.571429
2020-04-16T00:00:00Z,38107,2386,2021.857143
2020-04-17T00:00:00Z,41096,2989,2155.285714
2020-04-18T00:00:00Z,42576,1480,2176.857143
2020-04-19T00:00:00Z,43665,1089,2199.571429
2020-04-20T00:00:00Z,46350,2685,2299.428571
2020-04-21T00:00:00Z,48536,2186,2193.571429
2020-04-22T00:00:00Z,51239,2703,2216.857143
2020-04-23T00:00:00Z,53644,2405,2219.571429
2020-04-24T00:00:00Z,55918,2274,2117.428571
2020-04-25T00:00:00Z,57410,1492,2119.142857
2020-04-26T00:00:00Z,58254,844,2084.142857
2020-04-27T00:00:00Z,60382,2128,2004.571429
2020-04-28T00:00:00Z,62485,2103,1992.714286
2020-04-29T00:00:00Z,64670,2185,1918.714286
2020-04-30T00:00:00Z,66717,2047,1867.571429
2020-05-01T00:00:00Z,68798,2081,1840
2020-05-02T00:00:00Z,69827,1029,1773.857143
2020-05-03T00:00:00Z,70560,733,1758
2020-05-04T00:00:00Z,72438,1878,1722.285714
2020-05-05T00:00:00Z,74171,1733,1669.428571
2020-05-06T00:00:00Z,75869,1698,1599.857143
2020-05-07T00:00:00Z,77546,1677,1547
2020-05-08T00:00:00Z,78999,1453,1457.285714
2020-05-09T00:00:00Z,79681,682,1407.714286
2020-05-10T00:00:00Z,80066,385,1358
2020-05-11T00:00:00Z,81371,1305,1276.142857
2020-05-12T00:00:00Z,82821,1450,1235.714286
2020-05-13T00:00:00Z,84132,1311,1180.428571
2020-05-14T00:00:00Z,85447,1315,1128.714286
2020-05-15T00:00:00Z,86551,1104,1079
2020-05-16T00:00:00Z,87196,645,1073.714286
2020-05-17T00:00:00Z,87559,363,1070.571429
2020-05-18T00:00:00Z,88870,1311,1071.428571
2020-05-19T00:00:00Z,89943,1073,1017.571429
2020-05-20T00:00:00Z,90954,1011,974.7142857
2020-05-21T00:00:00Z,91917,963,924.4285714
2020-05-22T00:00:00Z,92779,862,889.7142857
2020-05-23T00:00:00Z,93166,387,852.8571429
2020-05-24T00:00:00Z,93467,301,844
2020-05-25T00:00:00Z,93665,198,685
2020-05-26T00:00:00Z,94529,864,655.1428571
2020-05-27T00:00:00Z,95216,687,608.8571429
2020-05-28T00:00:00Z,95855,639,562.5714286
2020-05-29T00:00:00Z,96385,530,515.1428571
2020-05-30T00:00:00Z,96656,271,498.5714286
2020-05-31T00:00:00Z,96817,161,478.5714286
2020-06-01T00:00:00Z,97325,508,522.8571429
2020-06-02T00:00:00Z,97772,447,463.2857143
2020-06-03T00:00:00Z,98231,459,430.7142857
2020-06-04T00:00:00Z,98609,378,393.4285714
2020-06-05T00:00:00Z,98946,337,365.8571429
2020-06-06T00:00:00Z,99094,148,348.2857143
2020-06-07T00:00:00Z,99245,151,346.8571429
2020-06-08T00:00:00Z,99597,352,324.5714286
2020-06-09T00:00:00Z,99939,342,309.7142857
2020-06-10T00:00:00Z,100198,259,281.1428571
2020-06-11T00:00:00Z,100424,226,259.4285714
2020-06-12T00:00:00Z,100678,254,247.5714286
2020-06-13T00:00:00Z,100775,97,240.2857143
2020-06-14T00:00:00Z,100851,76,229.5714286
2020-06-15T00:00:00Z,101086,235,212.8571429
2020-06-16T00:00:00Z,101284,198,192.1428571
2020-06-17T00:00:00Z,101532,248,190.5714286
2020-06-18T00:00:00Z,101772,240,192.5714286
2020-06-19T00:00:00Z,101947,175,181.2857143
2020-06-20T00:00:00Z,102040,93,180.7142857
2020-06-21T00:00:00Z,102119,79,181.1428571
2020-06-22T00:00:00Z,102343,224,179.5714286
2020-06-23T00:00:00Z,102532,189,178.2857143
2020-06-24T00:00:00Z,102742,210,172.8571429
2020-06-25T00:00:00Z,102948,206,168
2020-06-26T00:00:00Z,103146,198,171.2857143
2020-06-27T00:00:00Z,103280,134,177.1428571
2020-06-28T00:00:00Z,103351,71,176
2020-06-29T00:00:00Z,103556,205,173.2857143
2020-06-30T00:00:00Z,103776,220,177.7142857
2020-07-01T00:00:00Z,103992,216,178.5714286
2020-07-02T00:00:00Z,104218,226,181.4285714
2020-07-03T00:00:00Z,104317,99,167.2857143
2020-07-04T00:00:00Z,104377,60,156.7142857
2020-07-05T00:00:00Z,104478,101,161
2020-07-06T00:00:00Z,104715,237,165.5714286
2020-07-07T00:00:00Z,104956,241,168.5714286
2020-07-08T00:00:00Z,105172,216,168.5714286
2020-07-09T00:00:00Z,105426,254,172.5714286
2020-07-10T00:00:00Z,105654,228,191
2020-07-11T00:00:00Z,105771,117,199.1428571
2020-07-12T00:00:00Z,105858,87,197.1428571
2020-07-13T00:00:00Z,106124,266,201.2857143
2020-07-14T00:00:00Z,106356,232,200
2020-07-15T00:00:00Z,106654,298,211.7142857
2020-07-16T00:00:00Z,106899,245,210.2857143
2020-07-17T00:00:00Z,107126,227,210.1428571
2020-07-18T00:00:00Z,107254,128,211.7142857
2020-07-19T00:00:00Z,107328,74,209.8571429
2020-07-20T00:00:00Z,107607,279,211.7142857
2020-07-21T00:00:00Z,107862,255,215
2020-07-22T00:00:00Z,108120,258,209.2857143
2020-07-23T00:00:00Z,108378,258,211.2857143
2020-07-24T00:00:00Z,108635,257,215.5714286
2020-07-25T00:00:00Z,108794,159,220
2020-07-26T00:00:00Z,108895,101,223.8571429
2020-07-27T00:00:00Z,109256,361,235.5714286
2020-07-28T00:00:00Z,109576,320,244.8571429
2020-07-29T00:00:00Z,109895,319,253.5714286
2020-07-30T00:00:00Z,110231,336,264.7142857
2020-07-31T00:00:00Z,110550,319,273.5714286
2020-08-01T00:00:00Z,110697,147,271.8571429
2020-08-02T00:00:00Z,110806,109,273
2020-08-03T00:00:00Z,111164,358,272.5714286
2020-08-04T00:00:00Z,111472,308,270.8571429
2020-08-05T00:00:00Z,111805,333,272.8571429
2020-08-06T00:00:00Z,112159,354,275.4285714
2020-08-07T00:00:00Z,112458,299,272.5714286
2020-08-08T00:00:00Z,112627,169,275.7142857
2020-08-09T00:00:00Z,112712,85,272.2857143
2020-08-10T00:00:00Z,113086,374,274.5714286
2020-08-11T00:00:00Z,113370,284,271.1428571
2020-08-12T00:00:00Z,113674,304,267
2020-08-13T00:00:00Z,114023,349,266.2857143
2020-08-14T00:00:00Z,114366,343,272.4285714
2020-08-15T00:00:00Z,114517,151,269.8571429
2020-08-16T00:00:00Z,114637,120,274.8571429
2020-08-17T00:00:00Z,115006,369,274.1428571
2020-08-18T00:00:00Z,115387,381,288
2020-08-19T00:00:00Z,115724,337,292.7142857
2020-08-20T00:00:00Z,116080,356,293.7142857
2020-08-21T00:00:00Z,116363,283,285.2857143
2020-08-22T00:00:00Z,116511,148,284.8571429
2020-08-23T00:00:00Z,116603,92,280.8571429
2020-08-24T00:00:00Z,116998,395,284.7142857
2020-08-25T00:00:00Z,117377,379,284.4285714
2020-08-26T00:00:00Z,117756,379,290.4285714
2020-08-27T00:00:00Z,118100,344,288.7142857
2020-08-28T00:00:00Z,118463,363,300.1428571
2020-08-29T00:00:00Z,118635,172,303.5714286
2020-08-30T00:00:00Z,118774,139,310.2857143
2020-08-31T00:00:00Z,119213,439,316.2857143
2020-09-01T00:00:00Z,119608,395,318.5714286
2020-09-02T00:00:00Z,119992,384,319.2857143
2020-09-03T00:00:00Z,120456,464,336.4285714
2020-09-04T00:00:00Z,120803,347,334.2857143
2020-09-05T00:00:00Z,121001,198,338
2020-09-06T00:00:00Z,121113,112,334.1428571
2020-09-07T00:00:00Z,121274,161,294.5714286
2020-09-08T00:00:00Z,121821,547,316.2857143
2020-09-09T00:00:00Z,122295,474,329.1428571
2020-09-10T00:00:00Z,122705,410,321.2857143
2020-09-11T00:00:00Z,123114,409,330
2020-09-12T00:00:00Z,123303,189,328.7142857
2020-09-13T00:00:00Z,123464,161,335.7142857
2020-09-14T00:00:00Z,123967,503,384.5714286
2020-09-15T00:00:00Z,124391,424,367
2020-09-16T00:00:00Z,124804,413,358.2857143
2020-09-17T00:00:00Z,125158,354,350.5714286
2020-09-18T00:00:00Z,125594,436,354.4285714
2020-09-19T00:00:00Z,125796,202,356.2857143
2020-09-20T00:00:00Z,125937,141,353.4285714
2020-09-21T00:00:00Z,126364,427,342.5714286
2020-09-22T00:00:00Z,126872,508,354.5714286
2020-09-23T00:00:00Z,127432,560,375.5714286
2020-09-24T00:00:00Z,128029,597,410.1428571
2020-09-25T00:00:00Z,128582,553,426.8571429
2020-09-26T00:00:00Z,128946,364,450
2020-09-27T00:00:00Z,129171,225,461.8571429
2020-09-28T00:00:00Z,130038,867,524.7142857
2020-09-29T00:00:00Z,130758,720,555
2020-09-30T00:00:00Z,131371,613,562.5714286
2020-10-01T00:00:00Z,132055,684,574.8571429
2020-10-02T00:00:00Z,132620,565,576.5714286
2020-10-03T00:00:00Z,133028,408,582.8571429
2020-10-04T00:00:00Z,133320,292,592.5714286
2020-10-05T00:00:00Z,134071,751,575.8571429
2020-10-06T00:00:00Z,134807,736,577.8571429
2020-10-07T00:00:00Z,135529,722,593.2857143
2020-10-08T00:00:00Z,136364,835,614.8571429
2020-10-09T00:00:00Z,137053,689,632.5714286
2020-10-10T00:00:00Z,137466,413,633.2857143
2020-10-11T00:00:00Z,137730,264,629.2857143
2020-10-12T00:00:00Z,138325,595,606.8571429
2020-10-13T00:00:00Z,139111,786,614.2857143
2020-10-14T00:00:00Z,140009,898,639.7142857
2020-10-15T00:00:00Z,140959,950,656.2857143
2020-10-16T00:00:00Z,141825,866,681.5714286
2020-10-17T00:00:00Z,142369,544,700.2857143
2020-10-18T00:00:00Z,142700,331,709.8571429
2020-10-19T00:00:00Z,143779,1079,779.2857143
2020-10-20T00:00:00Z,144899,1120,826.8571429
2020-10-21T00:00:00Z,146100,1201,869.8571429
2020-10-22T00:00:00Z,147476,1376,930.7142857
2020-10-23T00:00:00Z,148700,1224,981.8571429
2020-10-24T00:00:00Z,149489,789,1016.857143
2020-10-25T00:00:00Z,149973,484,1038.714286
2020-10-26T00:00:00Z,151497,1524,1102.428571
2020-10-27T00:00:00Z,152843,1346,1134.714286
2020-10-28T00:00:00Z,154283,1440,1169
2020-10-29T00:00:00Z,155669,1386,1170.285714
2020-10-30T00:00:00Z,156793,1124,1156.142857
2020-10-31T00:00:00Z,157663,870,1167.857143
2020-11-01T00:00:00Z,158185,522,1173.285714
2020-11-02T00:00:00Z,160021,1836,1218
2020-11-03T00:00:00Z,161927,1906,1298
2020-11-04T00:00:00Z,164101,2174,1402.857143
2020-11-05T00:00:00Z,166517,2416,1550.142857
2020-11-06T00:00:00Z,168757,2240,1709
2020-11-07T00:00:00Z,170084,1327,1774
2020-11-08T00:00:00Z,171027,943,1834.142857
2020-11-09T00:00:00Z,174204,3177,2025.428571
2020-11-10T00:00:00Z,177026,2822,2156.285714
2020-11-11T00:00:00Z,179686,2660,2225.714286
2020-11-12T00:00:00Z,182669,2983,2307
2020-11-13T00:00:00Z,185277,2608,2359.714286
2020-11-14T00:00:00Z,186989,1712,2414.571429
2020-11-15T00:00:00Z,188182,1193,2450.142857
2020-11-16T00:00:00Z,191709,3527,2499.857143
2020-11-17T00:00:00Z,194848,3139,2544.714286
2020-11-18T00:00:00Z,197770,2922,2582.428571
2020-11-19T00:00:00Z,200770,3000,2584.571429
2020-11-20T00:00:00Z,203619,2849,2619.142857
2020-11-21T00:00:00Z,205386,1767,2627.428571
2020-11-22T00:00:00Z,206581,1195,2627.285714
2020-11-23T00:00:00Z,210177,3596,2636.714286
2020-11-24T00:00:00Z,213970,3793,2729.714286
2020-11-25T00:00:00Z,216915,2945,2732
2020-11-26T00:00:00Z,217361,446,2367
2020-11-27T00:00:00Z,220746,3385,2443.285714
2020-11-28T00:00:00Z,223654,2908,2605.714286
2020-11-29T00:00:00Z,225417,1763,2686.714286
2020-11-30T00:00:00Z,230923,5506,2959.571429
2020-12-01T00:00:00Z,236789,5866,3255.285714
2020-12-02T00:00:00Z,242887,6098,3703
2020-12-03T00:00:00Z,248699,5812,4462.142857
2020-12-04T00:00:00Z,253999,5300,4732.857143
2020-12-05T00:00:00Z,256187,2188,4629.142857
2020-12-06T00:00:00Z,258288,2101,4678.142857
2020-12-07T00:00:00Z,264502,6214,4778.428571
2020-12-08T00:00:00Z,269906,5404,4712.142857
2020-12-09T00:00:00Z,275317,5411,4615.428571
2020-12-10T00:00:00Z,280774,5457,4571.857143
2020-12-11T00:00:00Z,285717,4943,4523
2020-12-12T00:00:00Z,288585,2868,4621.571429
2020-12-13T00:00:00Z,290790,2205,4635.142857
2020-12-14T00:00:00Z,297057,6267,4642.142857
2020-12-15T00:00:00Z,303065,6008,4727.714286
2020-12-16T00:00:00Z,308703,5638,4760.428571
2020-12-17T00:00:00Z,310279,1576,4204.142857
2020-12-18T00:00:00Z,315957,5678,4304.428571
2020-12-19T00:00:00Z,319614,3657,4410.857143
2020-12-20T00:00:00Z,321950,2336,4423.142857
2020-12-21T00:00:00Z,328430,6480,4441.142857
2020-12-22T00:00:00Z,334378,5948,4404.285714
2020-12-23T00:00:00Z,338852,4474,4166.714286
2020-12-24T00:00:00Z,341505,2653,4235.428571
2020-12-25T00:00:00Z,341985,480,3485.142857
2020-12-26T00:00:00Z,346175,4190,3335.857143
2020-12-27T00:00:00Z,348847,2672,3034.857143
2020-12-28T00:00:00Z,357228,8381,2635
2020-12-29T00:00:00Z,364402,7174,4289.142857142857
2020-12-30T00:00:00Z,370116,5714,4466.285714285715
2020-12-31T00:00:00Z,374286,4170,4683
2021-01-01T00:00:00Z,375642,1356,4808.142857142857
2021-01-02T00:00:00Z,380325,4683,4878.571428571428
2021-01-03T00:00:00Z,383311,2986,4923.428571428572
2021-01-04T00:00:00Z,392341,9030,5016.142857142857
2021-01-05T00:00:00Z,400025,7684,5089
2021-01-06T00:00:00Z,407087,7062,5281.571428571428
2021-01-07T00:00:00Z,413546,6459,5608.571428571428
2021-01-08T00:00:00Z,419285,5739,6234.714285714285
2021-01-09T00:00:00Z,422885,3600,6080
2021-01-10T00:00:00Z,425242,2357,5990.142857142857
2021-01-11T00:00:00Z,431698,6456,5622.428571428572
2021-01-12T00:00:00Z,437206,5508,5311.571428571428
2021-01-13T00:00:00Z,442093,4887,5000.857142857143
2021-01-14T00:00:00Z,447086,4993,4791.428571428572
2021-01-15T00:00:00Z,451479,4393,4599.142857142857
2021-01-16T00:00:00Z,454113,2634,4461.142857142857
2021-01-17T00:00:00Z,456053,1940,4401.571428571428
2021-01-18T00:00:00Z,460267,4214,4081.285714285714
2021-01-19T00:00:00Z,465111,4844,3986.4285714285716
2021-01-20T00:00:00Z,467676,2565,3654.714285714286
2021-01-21T00:00:00Z,467845,169,2965.5714285714284
