Date,Positive Total,Positive New,7-day confirmed case average
2020-01-29T00:00:00Z,1,1,NA
2020-01-30T00:00:00Z,1,0,NA
2020-01-31T00:00:00Z,1,0,NA
2020-02-01T00:00:00Z,1,0,NA
2020-02-02T00:00:00Z,1,0,NA
2020-02-03T00:00:00Z,1,0,NA
2020-02-04T00:00:00Z,1,0,0.142857143
2020-02-05T00:00:00Z,1,0,0
2020-02-06T00:00:00Z,2,1,0.142857143
2020-02-07T00:00:00Z,2,0,0.142857143
2020-02-08T00:00:00Z,2,0,0.142857143
2020-02-09T00:00:00Z,2,0,0.142857143
2020-02-10T00:00:00Z,2,0,0.142857143
2020-02-11T00:00:00Z,2,0,0.142857143
2020-02-12T00:00:00Z,2,0,0.142857143
2020-02-13T00:00:00Z,2,0,0
2020-02-14T00:00:00Z,2,0,0
2020-02-15T00:00:00Z,2,0,0
2020-02-16T00:00:00Z,2,0,0
2020-02-17T00:00:00Z,2,0,0
2020-02-18T00:00:00Z,2,0,0
2020-02-19T00:00:00Z,2,0,0
2020-02-20T00:00:00Z,2,0,0
2020-02-21T00:00:00Z,2,0,0
2020-02-22T00:00:00Z,2,0,0
2020-02-23T00:00:00Z,2,0,0
2020-02-24T00:00:00Z,2,0,0
2020-02-25T00:00:00Z,2,0,0
2020-02-26T00:00:00Z,2,0,0
2020-02-27T00:00:00Z,2,0,0
2020-02-28T00:00:00Z,2,0,0
2020-02-29T00:00:00Z,2,0,0
2020-03-01T00:00:00Z,3,1,0.142857143
2020-03-02T00:00:00Z,3,0,0.142857143
2020-03-03T00:00:00Z,4,1,0.285714286
2020-03-04T00:00:00Z,6,2,0.571428571
2020-03-05T00:00:00Z,14,8,1.714285714
2020-03-06T00:00:00Z,28,14,3.714285714
2020-03-07T00:00:00Z,72,44,10
2020-03-08T00:00:00Z,91,19,12.57142857
2020-03-09T00:00:00Z,96,5,13.28571429
2020-03-10T00:00:00Z,110,14,15.14285714
2020-03-11T00:00:00Z,132,22,18
2020-03-12T00:00:00Z,161,29,21
2020-03-13T00:00:00Z,222,61,27.71428571
2020-03-14T00:00:00Z,295,73,31.85714286
2020-03-15T00:00:00Z,363,68,38.85714286
2020-03-16T00:00:00Z,513,150,59.57142857
2020-03-17T00:00:00Z,762,249,93.14285714
2020-03-18T00:00:00Z,1021,259,127
2020-03-19T00:00:00Z,1299,278,162.5714286
2020-03-20T00:00:00Z,1687,388,209.2857143
2020-03-21T00:00:00Z,2009,322,244.8571429
2020-03-22T00:00:00Z,2295,286,276
2020-03-23T00:00:00Z,2904,609,341.5714286
2020-03-24T00:00:00Z,3622,718,408.5714286
2020-03-25T00:00:00Z,4368,746,478.1428571
2020-03-26T00:00:00Z,5303,935,572
2020-03-27T00:00:00Z,6246,943,651.2857143
2020-03-28T00:00:00Z,6900,654,698.7142857
2020-03-29T00:00:00Z,7423,523,732.5714286
2020-03-30T00:00:00Z,8661,1238,822.4285714
2020-03-31T00:00:00Z,9927,1266,900.7142857
2020-04-01T00:00:00Z,11265,1338,985.2857143
2020-04-02T00:00:00Z,12540,1275,1033.857143
2020-04-03T00:00:00Z,14019,1479,1110.571429
2020-04-04T00:00:00Z,15181,1162,1183.142857
2020-04-05T00:00:00Z,16158,977,1248
2020-04-06T00:00:00Z,18090,1932,1347.142857
2020-04-07T00:00:00Z,20111,2021,1455
2020-04-08T00:00:00Z,21975,1864,1530.142857
2020-04-09T00:00:00Z,23953,1978,1630.571429
2020-04-10T00:00:00Z,26008,2055,1712.714286
2020-04-11T00:00:00Z,27337,1329,1736.571429
2020-04-12T00:00:00Z,28268,931,1729.857143
2020-04-13T00:00:00Z,30254,1986,1737.571429
2020-04-14T00:00:00Z,33181,2927,1867
2020-04-15T00:00:00Z,35721,2540,1963.571429
2020-04-16T00:00:00Z,38109,2388,2021.857143
2020-04-17T00:00:00Z,41098,2989,2155.285714
2020-04-18T00:00:00Z,42578,1480,2176.857143
2020-04-19T00:00:00Z,43667,1089,2199.571429
2020-04-20T00:00:00Z,46352,2685,2299.428571
2020-04-21T00:00:00Z,48538,2186,2193.571429
2020-04-22T00:00:00Z,51241,2703,2216.857143
2020-04-23T00:00:00Z,53646,2405,2219.571429
2020-04-24T00:00:00Z,55919,2273,2117.428571
2020-04-25T00:00:00Z,57411,1492,2119.142857
2020-04-26T00:00:00Z,58255,844,2084.142857
2020-04-27T00:00:00Z,60383,2128,2004.571429
2020-04-28T00:00:00Z,62486,2103,1992.714286
2020-04-29T00:00:00Z,64671,2185,1918.714286
2020-04-30T00:00:00Z,66718,2047,1867.571429
2020-05-01T00:00:00Z,68799,2081,1840
2020-05-02T00:00:00Z,69828,1029,1773.857143
2020-05-03T00:00:00Z,70561,733,1758
2020-05-04T00:00:00Z,72439,1878,1722.285714
2020-05-05T00:00:00Z,74171,1732,1669.428571
2020-05-06T00:00:00Z,75868,1697,1599.857143
2020-05-07T00:00:00Z,77544,1676,1547
2020-05-08T00:00:00Z,78997,1453,1457.285714
2020-05-09T00:00:00Z,79679,682,1407.714286
2020-05-10T00:00:00Z,80064,385,1358
2020-05-11T00:00:00Z,81369,1305,1276.142857
2020-05-12T00:00:00Z,82819,1450,1235.714286
2020-05-13T00:00:00Z,84130,1311,1180.428571
2020-05-14T00:00:00Z,85444,1314,1128.714286
2020-05-15T00:00:00Z,86548,1104,1079
2020-05-16T00:00:00Z,87193,645,1073.714286
2020-05-17T00:00:00Z,87556,363,1070.571429
2020-05-18T00:00:00Z,88866,1310,1071.428571
2020-05-19T00:00:00Z,89939,1073,1017.571429
2020-05-20T00:00:00Z,90950,1011,974.7142857
2020-05-21T00:00:00Z,91913,963,924.4285714
2020-05-22T00:00:00Z,92775,862,889.7142857
2020-05-23T00:00:00Z,93162,387,852.8571429
2020-05-24T00:00:00Z,93463,301,844
2020-05-25T00:00:00Z,93661,198,685
2020-05-26T00:00:00Z,94525,864,655.1428571
2020-05-27T00:00:00Z,95212,687,608.8571429
2020-05-28T00:00:00Z,95851,639,562.5714286
2020-05-29T00:00:00Z,96381,530,515.1428571
2020-05-30T00:00:00Z,96652,271,498.5714286
2020-05-31T00:00:00Z,96813,161,478.5714286
2020-06-01T00:00:00Z,97321,508,522.8571429
2020-06-02T00:00:00Z,97768,447,463.2857143
2020-06-03T00:00:00Z,98227,459,430.7142857
2020-06-04T00:00:00Z,98605,378,393.4285714
2020-06-05T00:00:00Z,98942,337,365.8571429
2020-06-06T00:00:00Z,99090,148,348.2857143
2020-06-07T00:00:00Z,99241,151,346.8571429
2020-06-08T00:00:00Z,99592,351,324.5714286
2020-06-09T00:00:00Z,99934,342,309.7142857
2020-06-10T00:00:00Z,100193,259,281.1428571
2020-06-11T00:00:00Z,100419,226,259.4285714
2020-06-12T00:00:00Z,100673,254,247.5714286
2020-06-13T00:00:00Z,100769,96,240.2857143
2020-06-14T00:00:00Z,100845,76,229.5714286
2020-06-15T00:00:00Z,101080,235,212.8571429
2020-06-16T00:00:00Z,101278,198,192.1428571
2020-06-17T00:00:00Z,101526,248,190.5714286
2020-06-18T00:00:00Z,101766,240,192.5714286
2020-06-19T00:00:00Z,101941,175,181.2857143
2020-06-20T00:00:00Z,102034,93,180.7142857
2020-06-21T00:00:00Z,102113,79,181.1428571
2020-06-22T00:00:00Z,102337,224,179.5714286
2020-06-23T00:00:00Z,102526,189,178.2857143
2020-06-24T00:00:00Z,102736,210,172.8571429
2020-06-25T00:00:00Z,102942,206,168
2020-06-26T00:00:00Z,103140,198,171.2857143
2020-06-27T00:00:00Z,103274,134,177.1428571
2020-06-28T00:00:00Z,103345,71,176
2020-06-29T00:00:00Z,103550,205,173.2857143
2020-06-30T00:00:00Z,103770,220,177.7142857
2020-07-01T00:00:00Z,103986,216,178.5714286
2020-07-02T00:00:00Z,104212,226,181.4285714
2020-07-03T00:00:00Z,104311,99,167.2857143
2020-07-04T00:00:00Z,104371,60,156.7142857
2020-07-05T00:00:00Z,104472,101,161
2020-07-06T00:00:00Z,104709,237,165.5714286
2020-07-07T00:00:00Z,104950,241,168.5714286
2020-07-08T00:00:00Z,105166,216,168.5714286
2020-07-09T00:00:00Z,105420,254,172.5714286
2020-07-10T00:00:00Z,105648,228,191
2020-07-11T00:00:00Z,105765,117,199.1428571
2020-07-12T00:00:00Z,105852,87,197.1428571
2020-07-13T00:00:00Z,106118,266,201.2857143
2020-07-14T00:00:00Z,106350,232,200
2020-07-15T00:00:00Z,106648,298,211.7142857
2020-07-16T00:00:00Z,106893,245,210.2857143
2020-07-17T00:00:00Z,107120,227,210.1428571
2020-07-18T00:00:00Z,107248,128,211.7142857
2020-07-19T00:00:00Z,107322,74,209.8571429
2020-07-20T00:00:00Z,107601,279,211.7142857
2020-07-21T00:00:00Z,107856,255,215
2020-07-22T00:00:00Z,108114,258,209.2857143
2020-07-23T00:00:00Z,108372,258,211.2857143
2020-07-24T00:00:00Z,108629,257,215.5714286
2020-07-25T00:00:00Z,108788,159,220
2020-07-26T00:00:00Z,108889,101,223.8571429
2020-07-27T00:00:00Z,109250,361,235.5714286
2020-07-28T00:00:00Z,109570,320,244.8571429
2020-07-29T00:00:00Z,109889,319,253.5714286
2020-07-30T00:00:00Z,110225,336,264.7142857
2020-07-31T00:00:00Z,110544,319,273.5714286
2020-08-01T00:00:00Z,110691,147,271.8571429
2020-08-02T00:00:00Z,110800,109,273
2020-08-03T00:00:00Z,111158,358,272.5714286
2020-08-04T00:00:00Z,111466,308,270.8571429
2020-08-05T00:00:00Z,111799,333,272.8571429
2020-08-06T00:00:00Z,112153,354,275.4285714
2020-08-07T00:00:00Z,112452,299,272.5714286
2020-08-08T00:00:00Z,112621,169,275.7142857
2020-08-09T00:00:00Z,112706,85,272.2857143
2020-08-10T00:00:00Z,113079,373,274.5714286
2020-08-11T00:00:00Z,113363,284,271.1428571
2020-08-12T00:00:00Z,113667,304,267
2020-08-13T00:00:00Z,114016,349,266.2857143
2020-08-14T00:00:00Z,114359,343,272.4285714
2020-08-15T00:00:00Z,114510,151,269.8571429
2020-08-16T00:00:00Z,114630,120,274.8571429
2020-08-17T00:00:00Z,114999,369,274.1428571
2020-08-18T00:00:00Z,115380,381,288
2020-08-19T00:00:00Z,115717,337,292.7142857
2020-08-20T00:00:00Z,116074,357,293.7142857
2020-08-21T00:00:00Z,116357,283,285.2857143
2020-08-22T00:00:00Z,116505,148,284.8571429
2020-08-23T00:00:00Z,116597,92,280.8571429
2020-08-24T00:00:00Z,116992,395,284.7142857
2020-08-25T00:00:00Z,117371,379,284.4285714
2020-08-26T00:00:00Z,117750,379,290.4285714
2020-08-27T00:00:00Z,118094,344,288.7142857
2020-08-28T00:00:00Z,118457,363,300.1428571
2020-08-29T00:00:00Z,118629,172,303.5714286
2020-08-30T00:00:00Z,118768,139,310.2857143
2020-08-31T00:00:00Z,119207,439,316.2857143
2020-09-01T00:00:00Z,119602,395,318.5714286
2020-09-02T00:00:00Z,119986,384,319.2857143
2020-09-03T00:00:00Z,120450,464,336.4285714
2020-09-04T00:00:00Z,120797,347,334.2857143
2020-09-05T00:00:00Z,120995,198,338
2020-09-06T00:00:00Z,121108,113,334.1428571
2020-09-07T00:00:00Z,121269,161,294.5714286
2020-09-08T00:00:00Z,121815,546,316.2857143
2020-09-09T00:00:00Z,122290,475,329.1428571
2020-09-10T00:00:00Z,122701,411,321.2857143
2020-09-11T00:00:00Z,123110,409,330
2020-09-12T00:00:00Z,123299,189,328.7142857
2020-09-13T00:00:00Z,123460,161,335.7142857
2020-09-14T00:00:00Z,123963,503,384.5714286
2020-09-15T00:00:00Z,124387,424,367
2020-09-16T00:00:00Z,124800,413,358.2857143
2020-09-17T00:00:00Z,125154,354,350.5714286
2020-09-18T00:00:00Z,125590,436,354.4285714
2020-09-19T00:00:00Z,125792,202,356.2857143
2020-09-20T00:00:00Z,125933,141,353.4285714
2020-09-21T00:00:00Z,126360,427,342.5714286
2020-09-22T00:00:00Z,126868,508,354.5714286
2020-09-23T00:00:00Z,127428,560,375.5714286
2020-09-24T00:00:00Z,128025,597,410.1428571
2020-09-25T00:00:00Z,128578,553,426.8571429
2020-09-26T00:00:00Z,128941,363,450
2020-09-27T00:00:00Z,129166,225,461.8571429
2020-09-28T00:00:00Z,130033,867,524.7142857
2020-09-29T00:00:00Z,130753,720,555
2020-09-30T00:00:00Z,131366,613,562.5714286
2020-10-01T00:00:00Z,132050,684,574.8571429
2020-10-02T00:00:00Z,132615,565,576.5714286
2020-10-03T00:00:00Z,133023,408,582.8571429
2020-10-04T00:00:00Z,133315,292,592.5714286
2020-10-05T00:00:00Z,134065,750,575.8571429
2020-10-06T00:00:00Z,134801,736,577.8571429
2020-10-07T00:00:00Z,135523,722,593.2857143
2020-10-08T00:00:00Z,136358,835,614.8571429
2020-10-09T00:00:00Z,137047,689,632.5714286
2020-10-10T00:00:00Z,137460,413,633.2857143
2020-10-11T00:00:00Z,137724,264,629.2857143
2020-10-12T00:00:00Z,138319,595,606.8571429
2020-10-13T00:00:00Z,139104,785,614.2857143
2020-10-14T00:00:00Z,140001,897,639.7142857
2020-10-15T00:00:00Z,140951,950,656.2857143
2020-10-16T00:00:00Z,141817,866,681.5714286
2020-10-17T00:00:00Z,142360,543,700.2857143
2020-10-18T00:00:00Z,142691,331,709.8571429
2020-10-19T00:00:00Z,143769,1078,779.2857143
2020-10-20T00:00:00Z,144888,1119,826.8571429
2020-10-21T00:00:00Z,146089,1201,869.8571429
2020-10-22T00:00:00Z,147465,1376,930.7142857
2020-10-23T00:00:00Z,148688,1223,981.8571429
2020-10-24T00:00:00Z,149477,789,1016.857143
2020-10-25T00:00:00Z,149960,483,1038.714286
2020-10-26T00:00:00Z,151483,1523,1102.428571
2020-10-27T00:00:00Z,152826,1343,1134.714286
2020-10-28T00:00:00Z,154265,1439,1169
2020-10-29T00:00:00Z,155649,1384,1170.285714
2020-10-30T00:00:00Z,156772,1123,1156.142857
2020-10-31T00:00:00Z,157642,870,1167.857143
2020-11-01T00:00:00Z,158164,522,1173.285714
2020-11-02T00:00:00Z,160000,1836,1218
2020-11-03T00:00:00Z,161906,1906,1298
2020-11-04T00:00:00Z,164080,2174,1402.857143
2020-11-05T00:00:00Z,166497,2417,1550.142857
2020-11-06T00:00:00Z,168737,2240,1709
2020-11-07T00:00:00Z,170065,1328,1774
2020-11-08T00:00:00Z,171009,944,1834.142857
2020-11-09T00:00:00Z,174183,3174,2025.428571
2020-11-10T00:00:00Z,177005,2822,2156.285714
2020-11-11T00:00:00Z,179667,2662,2225.714286
2020-11-12T00:00:00Z,182650,2983,2307
2020-11-13T00:00:00Z,185257,2607,2359.714286
2020-11-14T00:00:00Z,186969,1712,2414.571429
2020-11-15T00:00:00Z,188161,1192,2450.142857
2020-11-16T00:00:00Z,191687,3526,2499.857143
2020-11-17T00:00:00Z,194823,3136,2544.714286
2020-11-18T00:00:00Z,197745,2922,2582.428571
2020-11-19T00:00:00Z,200743,2998,2584.571429
2020-11-20T00:00:00Z,203592,2849,2619.142857
2020-11-21T00:00:00Z,205358,1766,2627.428571
2020-11-22T00:00:00Z,206553,1195,2627.285714
2020-11-23T00:00:00Z,210142,3589,2636.714286
2020-11-24T00:00:00Z,213933,3791,2729.714286
2020-11-25T00:00:00Z,216876,2943,2732
2020-11-26T00:00:00Z,217321,445,2367
2020-11-27T00:00:00Z,220705,3384,2443.285714
2020-11-28T00:00:00Z,223614,2909,2605.714286
2020-11-29T00:00:00Z,225377,1763,2686.714286
2020-11-30T00:00:00Z,230883,5506,2959.571429
2020-12-01T00:00:00Z,236747,5864,3255.285714
2020-12-02T00:00:00Z,242841,6094,3703
2020-12-03T00:00:00Z,248654,5813,4462.142857
2020-12-04T00:00:00Z,253958,5304,4732.857143
2020-12-05T00:00:00Z,256145,2187,4629.142857
2020-12-06T00:00:00Z,258244,2099,4678.142857
2020-12-07T00:00:00Z,264460,6216,4778.428571
2020-12-08T00:00:00Z,269865,5405,4712.142857
2020-12-09T00:00:00Z,275286,5421,4615.428571
2020-12-10T00:00:00Z,280750,5464,4571.857143
2020-12-11T00:00:00Z,285693,4943,4523
2020-12-12T00:00:00Z,288557,2864,4621.571429
2020-12-13T00:00:00Z,290759,2202,4635.142857
2020-12-14T00:00:00Z,297032,6273,4642.142857
2020-12-15T00:00:00Z,303030,5998,4727.714286
2020-12-16T00:00:00Z,308678,5648,4760.428571
2020-12-17T00:00:00Z,310253,1575,4204.142857
2020-12-18T00:00:00Z,315937,5684,4304.428571
2020-12-19T00:00:00Z,319588,3651,4410.857143
2020-12-20T00:00:00Z,321922,2334,4423.142857
2020-12-21T00:00:00Z,328401,6479,4441.142857
2020-12-22T00:00:00Z,334342,5941,4404.285714
2020-12-23T00:00:00Z,338814,4472,4166.714286
2020-12-24T00:00:00Z,341463,2649,4235.428571
2020-12-25T00:00:00Z,341940,477,3485.142857
2020-12-26T00:00:00Z,346128,4188,3335.857143
2020-12-27T00:00:00Z,348794,2666,3034.857143
2020-12-28T00:00:00Z,357187,8393,2635
2020-12-29T00:00:00Z,364370,7183,4289.714285714285
2020-12-30T00:00:00Z,370086,5716,4467.428571428572
2020-12-31T00:00:00Z,374254,4168,4684.428571428572
2021-01-01T00:00:00Z,375609,1355,4809.857142857143
2021-01-02T00:00:00Z,380291,4682,4880.428571428572
2021-01-03T00:00:00Z,383278,2987,4926.285714285715
2021-01-04T00:00:00Z,392323,9045,5019.428571428572
2021-01-05T00:00:00Z,400038,7715,5095.428571428572
2021-01-06T00:00:00Z,407096,7058,5287.142857142857
2021-01-07T00:00:00Z,413556,6460,5614.571428571428
2021-01-08T00:00:00Z,419297,5741,6241.142857142857
2021-01-09T00:00:00Z,422895,3598,6086.285714285715
2021-01-10T00:00:00Z,425273,2378,5999.285714285715
2021-01-11T00:00:00Z,431750,6477,5632.428571428572
2021-01-12T00:00:00Z,437294,5544,5322.285714285715
2021-01-13T00:00:00Z,442194,4900,5014
2021-01-14T00:00:00Z,447197,5003,4805.857142857143
2021-01-15T00:00:00Z,451599,4402,4614.571428571428
2021-01-16T00:00:00Z,454268,2669,4481.857142857143
2021-01-17T00:00:00Z,456260,1992,4426.714285714285
2021-01-18T00:00:00Z,460585,4325,4119.285714285715
2021-01-19T00:00:00Z,465973,5388,4097
2021-01-20T00:00:00Z,470412,4439,4031.1428571428573
2021-01-21T00:00:00Z,474754,4342,3936.714285714286
2021-01-22T00:00:00Z,478703,3949,3872
2021-01-23T00:00:00Z,481145,2442,3839.5714285714284
2021-01-24T00:00:00Z,482745,1600,3783.5714285714284
2021-01-25T00:00:00Z,487257,4512,3810.285714285714
2021-01-26T00:00:00Z,491156,3899,3597.5714285714284
2021-01-27T00:00:00Z,494344,3188,3418.8571428571427
2021-01-28T00:00:00Z,497553,3209,3257
2021-01-29T00:00:00Z,500272,2719,3081.285714285714
2021-01-30T00:00:00Z,502021,1749,2982.285714285714
2021-01-31T00:00:00Z,503389,1368,2949.1428571428573
2021-02-01T00:00:00Z,506160,2771,2700.4285714285716
2021-02-02T00:00:00Z,508568,2408,2487.4285714285716
2021-02-03T00:00:00Z,511906,3338,2508.8571428571427
2021-02-04T00:00:00Z,514863,2957,2472.8571428571427
2021-02-05T00:00:00Z,517362,2499,2441.4285714285716
2021-02-06T00:00:00Z,518850,1488,2404.1428571428573
2021-02-07T00:00:00Z,519664,814,2325
2021-02-08T00:00:00Z,522304,2640,2306.285714285714
2021-02-09T00:00:00Z,524217,1913,2235.5714285714284
2021-02-10T00:00:00Z,526475,2258,2081.285714285714
2021-02-11T00:00:00Z,528545,2070,1954.5714285714287
2021-02-12T00:00:00Z,530195,1650,1833.2857142857142
2021-02-13T00:00:00Z,531144,949,1756.2857142857142
2021-02-14T00:00:00Z,531614,470,1707.142857142857
2021-02-15T00:00:00Z,531702,88,1342.5714285714287
