Date,Positive Total,Positive New,7-day confirmed case average
2020-01-29T00:00:00Z,1,1,NA
2020-01-30T00:00:00Z,1,0,NA
2020-01-31T00:00:00Z,1,0,NA
2020-02-01T00:00:00Z,1,0,NA
2020-02-02T00:00:00Z,1,0,NA
2020-02-03T00:00:00Z,1,0,NA
2020-02-04T00:00:00Z,1,0,0.142857143
2020-02-05T00:00:00Z,1,0,0
2020-02-06T00:00:00Z,2,1,0.142857143
2020-02-07T00:00:00Z,2,0,0.142857143
2020-02-08T00:00:00Z,2,0,0.142857143
2020-02-09T00:00:00Z,2,0,0.142857143
2020-02-10T00:00:00Z,2,0,0.142857143
2020-02-11T00:00:00Z,2,0,0.142857143
2020-02-12T00:00:00Z,2,0,0.142857143
2020-02-13T00:00:00Z,2,0,0
2020-02-14T00:00:00Z,2,0,0
2020-02-15T00:00:00Z,2,0,0
2020-02-16T00:00:00Z,2,0,0
2020-02-17T00:00:00Z,2,0,0
2020-02-18T00:00:00Z,2,0,0
2020-02-19T00:00:00Z,2,0,0
2020-02-20T00:00:00Z,2,0,0
2020-02-21T00:00:00Z,2,0,0
2020-02-22T00:00:00Z,2,0,0
2020-02-23T00:00:00Z,2,0,0
2020-02-24T00:00:00Z,2,0,0
2020-02-25T00:00:00Z,2,0,0
2020-02-26T00:00:00Z,2,0,0
2020-02-27T00:00:00Z,2,0,0
2020-02-28T00:00:00Z,2,0,0
2020-02-29T00:00:00Z,2,0,0
2020-03-01T00:00:00Z,3,1,0.142857143
2020-03-02T00:00:00Z,3,0,0.142857143
2020-03-03T00:00:00Z,4,1,0.285714286
2020-03-04T00:00:00Z,6,2,0.571428571
2020-03-05T00:00:00Z,14,8,1.714285714
2020-03-06T00:00:00Z,28,14,3.714285714
2020-03-07T00:00:00Z,72,44,10
2020-03-08T00:00:00Z,91,19,12.57142857
2020-03-09T00:00:00Z,96,5,13.28571429
2020-03-10T00:00:00Z,110,14,15.14285714
2020-03-11T00:00:00Z,132,22,18
2020-03-12T00:00:00Z,161,29,21
2020-03-13T00:00:00Z,222,61,27.71428571
2020-03-14T00:00:00Z,295,73,31.85714286
2020-03-15T00:00:00Z,363,68,38.85714286
2020-03-16T00:00:00Z,513,150,59.57142857
2020-03-17T00:00:00Z,762,249,93.14285714
2020-03-18T00:00:00Z,1021,259,127
2020-03-19T00:00:00Z,1299,278,162.5714286
2020-03-20T00:00:00Z,1687,388,209.2857143
2020-03-21T00:00:00Z,2009,322,244.8571429
2020-03-22T00:00:00Z,2295,286,276
2020-03-23T00:00:00Z,2904,609,341.5714286
2020-03-24T00:00:00Z,3622,718,408.5714286
2020-03-25T00:00:00Z,4369,747,478.1428571
2020-03-26T00:00:00Z,5304,935,572
2020-03-27T00:00:00Z,6247,943,651.2857143
2020-03-28T00:00:00Z,6901,654,698.7142857
2020-03-29T00:00:00Z,7424,523,732.5714286
2020-03-30T00:00:00Z,8662,1238,822.4285714
2020-03-31T00:00:00Z,9928,1266,900.7142857
2020-04-01T00:00:00Z,11266,1338,985.2857143
2020-04-02T00:00:00Z,12541,1275,1033.857143
2020-04-03T00:00:00Z,14020,1479,1110.571429
2020-04-04T00:00:00Z,15182,1162,1183.142857
2020-04-05T00:00:00Z,16159,977,1248
2020-04-06T00:00:00Z,18091,1932,1347.142857
2020-04-07T00:00:00Z,20112,2021,1455
2020-04-08T00:00:00Z,21976,1864,1530.142857
2020-04-09T00:00:00Z,23954,1978,1630.571429
2020-04-10T00:00:00Z,26009,2055,1712.714286
2020-04-11T00:00:00Z,27337,1328,1736.571429
2020-04-12T00:00:00Z,28268,931,1729.857143
2020-04-13T00:00:00Z,30254,1986,1737.571429
2020-04-14T00:00:00Z,33181,2927,1867
2020-04-15T00:00:00Z,35721,2540,1963.571429
2020-04-16T00:00:00Z,38108,2387,2021.857143
2020-04-17T00:00:00Z,41097,2989,2155.285714
2020-04-18T00:00:00Z,42577,1480,2176.857143
2020-04-19T00:00:00Z,43666,1089,2199.571429
2020-04-20T00:00:00Z,46351,2685,2299.428571
2020-04-21T00:00:00Z,48536,2185,2193.571429
2020-04-22T00:00:00Z,51239,2703,2216.857143
2020-04-23T00:00:00Z,53644,2405,2219.571429
2020-04-24T00:00:00Z,55916,2272,2117.428571
2020-04-25T00:00:00Z,57408,1492,2119.142857
2020-04-26T00:00:00Z,58252,844,2084.142857
2020-04-27T00:00:00Z,60380,2128,2004.571429
2020-04-28T00:00:00Z,62483,2103,1992.714286
2020-04-29T00:00:00Z,64668,2185,1918.714286
2020-04-30T00:00:00Z,66715,2047,1867.571429
2020-05-01T00:00:00Z,68796,2081,1840
2020-05-02T00:00:00Z,69825,1029,1773.857143
2020-05-03T00:00:00Z,70558,733,1758
2020-05-04T00:00:00Z,72436,1878,1722.285714
2020-05-05T00:00:00Z,74168,1732,1669.428571
2020-05-06T00:00:00Z,75865,1697,1599.857143
2020-05-07T00:00:00Z,77540,1675,1547
2020-05-08T00:00:00Z,78991,1451,1457.285714
2020-05-09T00:00:00Z,79673,682,1407.714286
2020-05-10T00:00:00Z,80058,385,1358
2020-05-11T00:00:00Z,81361,1303,1276.142857
2020-05-12T00:00:00Z,82811,1450,1235.714286
2020-05-13T00:00:00Z,84122,1311,1180.428571
2020-05-14T00:00:00Z,85436,1314,1128.714286
2020-05-15T00:00:00Z,86539,1103,1079
2020-05-16T00:00:00Z,87184,645,1073.714286
2020-05-17T00:00:00Z,87547,363,1070.571429
2020-05-18T00:00:00Z,88857,1310,1071.428571
2020-05-19T00:00:00Z,89929,1072,1017.571429
2020-05-20T00:00:00Z,90940,1011,974.7142857
2020-05-21T00:00:00Z,91903,963,924.4285714
2020-05-22T00:00:00Z,92765,862,889.7142857
2020-05-23T00:00:00Z,93151,386,852.8571429
2020-05-24T00:00:00Z,93452,301,844
2020-05-25T00:00:00Z,93650,198,685
2020-05-26T00:00:00Z,94514,864,655.1428571
2020-05-27T00:00:00Z,95200,686,608.8571429
2020-05-28T00:00:00Z,95839,639,562.5714286
2020-05-29T00:00:00Z,96369,530,515.1428571
2020-05-30T00:00:00Z,96639,270,498.5714286
2020-05-31T00:00:00Z,96800,161,478.5714286
2020-06-01T00:00:00Z,97308,508,522.8571429
2020-06-02T00:00:00Z,97755,447,463.2857143
2020-06-03T00:00:00Z,98214,459,430.7142857
2020-06-04T00:00:00Z,98592,378,393.4285714
2020-06-05T00:00:00Z,98929,337,365.8571429
2020-06-06T00:00:00Z,99077,148,348.2857143
2020-06-07T00:00:00Z,99228,151,346.8571429
2020-06-08T00:00:00Z,99578,350,324.5714286
2020-06-09T00:00:00Z,99919,341,309.7142857
2020-06-10T00:00:00Z,100178,259,281.1428571
2020-06-11T00:00:00Z,100404,226,259.4285714
2020-06-12T00:00:00Z,100658,254,247.5714286
2020-06-13T00:00:00Z,100754,96,240.2857143
2020-06-14T00:00:00Z,100830,76,229.5714286
2020-06-15T00:00:00Z,101065,235,212.8571429
2020-06-16T00:00:00Z,101263,198,192.1428571
2020-06-17T00:00:00Z,101511,248,190.5714286
2020-06-18T00:00:00Z,101751,240,192.5714286
2020-06-19T00:00:00Z,101926,175,181.2857143
2020-06-20T00:00:00Z,102019,93,180.7142857
2020-06-21T00:00:00Z,102098,79,181.1428571
2020-06-22T00:00:00Z,102322,224,179.5714286
2020-06-23T00:00:00Z,102511,189,178.2857143
2020-06-24T00:00:00Z,102721,210,172.8571429
2020-06-25T00:00:00Z,102927,206,168
2020-06-26T00:00:00Z,103125,198,171.2857143
2020-06-27T00:00:00Z,103259,134,177.1428571
2020-06-28T00:00:00Z,103330,71,176
2020-06-29T00:00:00Z,103535,205,173.2857143
2020-06-30T00:00:00Z,103755,220,177.7142857
2020-07-01T00:00:00Z,103971,216,178.5714286
2020-07-02T00:00:00Z,104197,226,181.4285714
2020-07-03T00:00:00Z,104296,99,167.2857143
2020-07-04T00:00:00Z,104356,60,156.7142857
2020-07-05T00:00:00Z,104457,101,161
2020-07-06T00:00:00Z,104694,237,165.5714286
2020-07-07T00:00:00Z,104935,241,168.5714286
2020-07-08T00:00:00Z,105151,216,168.5714286
2020-07-09T00:00:00Z,105405,254,172.5714286
2020-07-10T00:00:00Z,105633,228,191
2020-07-11T00:00:00Z,105750,117,199.1428571
2020-07-12T00:00:00Z,105837,87,197.1428571
2020-07-13T00:00:00Z,106103,266,201.2857143
2020-07-14T00:00:00Z,106335,232,200
2020-07-15T00:00:00Z,106633,298,211.7142857
2020-07-16T00:00:00Z,106878,245,210.2857143
2020-07-17T00:00:00Z,107105,227,210.1428571
2020-07-18T00:00:00Z,107233,128,211.7142857
2020-07-19T00:00:00Z,107307,74,209.8571429
2020-07-20T00:00:00Z,107586,279,211.7142857
2020-07-21T00:00:00Z,107841,255,215
2020-07-22T00:00:00Z,108099,258,209.2857143
2020-07-23T00:00:00Z,108357,258,211.2857143
2020-07-24T00:00:00Z,108614,257,215.5714286
2020-07-25T00:00:00Z,108773,159,220
2020-07-26T00:00:00Z,108873,100,223.8571429
2020-07-27T00:00:00Z,109234,361,235.5714286
2020-07-28T00:00:00Z,109554,320,244.8571429
2020-07-29T00:00:00Z,109873,319,253.5714286
2020-07-30T00:00:00Z,110209,336,264.7142857
2020-07-31T00:00:00Z,110528,319,273.5714286
2020-08-01T00:00:00Z,110676,148,271.8571429
2020-08-02T00:00:00Z,110785,109,273
2020-08-03T00:00:00Z,111143,358,272.5714286
2020-08-04T00:00:00Z,111450,307,270.8571429
2020-08-05T00:00:00Z,111783,333,272.8571429
2020-08-06T00:00:00Z,112137,354,275.4285714
2020-08-07T00:00:00Z,112436,299,272.5714286
2020-08-08T00:00:00Z,112605,169,275.7142857
2020-08-09T00:00:00Z,112690,85,272.2857143
2020-08-10T00:00:00Z,113062,372,274.5714286
2020-08-11T00:00:00Z,113346,284,271.1428571
2020-08-12T00:00:00Z,113650,304,267
2020-08-13T00:00:00Z,113999,349,266.2857143
2020-08-14T00:00:00Z,114342,343,272.4285714
2020-08-15T00:00:00Z,114493,151,269.8571429
2020-08-16T00:00:00Z,114613,120,274.8571429
2020-08-17T00:00:00Z,114982,369,274.1428571
2020-08-18T00:00:00Z,115362,380,288
2020-08-19T00:00:00Z,115698,336,292.7142857
2020-08-20T00:00:00Z,116055,357,293.7142857
2020-08-21T00:00:00Z,116338,283,285.2857143
2020-08-22T00:00:00Z,116486,148,284.8571429
2020-08-23T00:00:00Z,116578,92,280.8571429
2020-08-24T00:00:00Z,116973,395,284.7142857
2020-08-25T00:00:00Z,117352,379,284.4285714
2020-08-26T00:00:00Z,117732,380,290.4285714
2020-08-27T00:00:00Z,118076,344,288.7142857
2020-08-28T00:00:00Z,118439,363,300.1428571
2020-08-29T00:00:00Z,118611,172,303.5714286
2020-08-30T00:00:00Z,118750,139,310.2857143
2020-08-31T00:00:00Z,119189,439,316.2857143
2020-09-01T00:00:00Z,119585,396,318.5714286
2020-09-02T00:00:00Z,119969,384,319.2857143
2020-09-03T00:00:00Z,120433,464,336.4285714
2020-09-04T00:00:00Z,120779,346,334.2857143
2020-09-05T00:00:00Z,120977,198,338
2020-09-06T00:00:00Z,121090,113,334.1428571
2020-09-07T00:00:00Z,121251,161,294.5714286
2020-09-08T00:00:00Z,121797,546,316.2857143
2020-09-09T00:00:00Z,122272,475,329.1428571
2020-09-10T00:00:00Z,122684,412,321.2857143
2020-09-11T00:00:00Z,123093,409,330
2020-09-12T00:00:00Z,123282,189,328.7142857
2020-09-13T00:00:00Z,123443,161,335.7142857
2020-09-14T00:00:00Z,123946,503,384.5714286
2020-09-15T00:00:00Z,124370,424,367
2020-09-16T00:00:00Z,124783,413,358.2857143
2020-09-17T00:00:00Z,125137,354,350.5714286
2020-09-18T00:00:00Z,125573,436,354.4285714
2020-09-19T00:00:00Z,125775,202,356.2857143
2020-09-20T00:00:00Z,125916,141,353.4285714
2020-09-21T00:00:00Z,126343,427,342.5714286
2020-09-22T00:00:00Z,126851,508,354.5714286
2020-09-23T00:00:00Z,127411,560,375.5714286
2020-09-24T00:00:00Z,128008,597,410.1428571
2020-09-25T00:00:00Z,128561,553,426.8571429
2020-09-26T00:00:00Z,128924,363,450
2020-09-27T00:00:00Z,129149,225,461.8571429
2020-09-28T00:00:00Z,130016,867,524.7142857
2020-09-29T00:00:00Z,130736,720,555
2020-09-30T00:00:00Z,131349,613,562.5714286
2020-10-01T00:00:00Z,132033,684,574.8571429
2020-10-02T00:00:00Z,132598,565,576.5714286
2020-10-03T00:00:00Z,133006,408,582.8571429
2020-10-04T00:00:00Z,133298,292,592.5714286
2020-10-05T00:00:00Z,134048,750,575.8571429
2020-10-06T00:00:00Z,134784,736,577.8571429
2020-10-07T00:00:00Z,135506,722,593.2857143
2020-10-08T00:00:00Z,136341,835,614.8571429
2020-10-09T00:00:00Z,137029,688,632.5714286
2020-10-10T00:00:00Z,137441,412,633.2857143
2020-10-11T00:00:00Z,137705,264,629.2857143
2020-10-12T00:00:00Z,138300,595,606.8571429
2020-10-13T00:00:00Z,139085,785,614.2857143
2020-10-14T00:00:00Z,139982,897,639.7142857
2020-10-15T00:00:00Z,140932,950,656.2857143
2020-10-16T00:00:00Z,141798,866,681.5714286
2020-10-17T00:00:00Z,142341,543,700.2857143
2020-10-18T00:00:00Z,142672,331,709.8571429
2020-10-19T00:00:00Z,143751,1079,779.2857143
2020-10-20T00:00:00Z,144869,1118,826.8571429
2020-10-21T00:00:00Z,146070,1201,869.8571429
2020-10-22T00:00:00Z,147446,1376,930.7142857
2020-10-23T00:00:00Z,148669,1223,981.8571429
2020-10-24T00:00:00Z,149458,789,1016.857143
2020-10-25T00:00:00Z,149941,483,1038.714286
2020-10-26T00:00:00Z,151463,1522,1102.428571
2020-10-27T00:00:00Z,152807,1344,1134.714286
2020-10-28T00:00:00Z,154245,1438,1169
2020-10-29T00:00:00Z,155630,1385,1170.285714
2020-10-30T00:00:00Z,156753,1123,1156.142857
2020-10-31T00:00:00Z,157623,870,1167.857143
2020-11-01T00:00:00Z,158145,522,1173.285714
2020-11-02T00:00:00Z,159980,1835,1218
2020-11-03T00:00:00Z,161885,1905,1298
2020-11-04T00:00:00Z,164058,2173,1402.857143
2020-11-05T00:00:00Z,166473,2415,1550.142857
2020-11-06T00:00:00Z,168712,2239,1709
2020-11-07T00:00:00Z,170040,1328,1774
2020-11-08T00:00:00Z,170983,943,1834.142857
2020-11-09T00:00:00Z,174156,3173,2025.428571
2020-11-10T00:00:00Z,176978,2822,2156.285714
2020-11-11T00:00:00Z,179640,2662,2225.714286
2020-11-12T00:00:00Z,182622,2982,2307
2020-11-13T00:00:00Z,185226,2604,2359.714286
2020-11-14T00:00:00Z,186937,1711,2414.571429
2020-11-15T00:00:00Z,188128,1191,2450.142857
2020-11-16T00:00:00Z,191654,3526,2499.857143
2020-11-17T00:00:00Z,194789,3135,2544.714286
2020-11-18T00:00:00Z,197710,2921,2582.428571
2020-11-19T00:00:00Z,200708,2998,2584.571429
2020-11-20T00:00:00Z,203556,2848,2619.142857
2020-11-21T00:00:00Z,205320,1764,2627.428571
2020-11-22T00:00:00Z,206514,1194,2627.285714
2020-11-23T00:00:00Z,210101,3587,2636.714286
2020-11-24T00:00:00Z,213891,3790,2729.714286
2020-11-25T00:00:00Z,216834,2943,2732
2020-11-26T00:00:00Z,217279,445,2367
2020-11-27T00:00:00Z,220658,3379,2443.285714
2020-11-28T00:00:00Z,223566,2908,2605.714286
2020-11-29T00:00:00Z,225328,1762,2686.714286
2020-11-30T00:00:00Z,230833,5505,2959.571429
2020-12-01T00:00:00Z,236696,5863,3255.285714
2020-12-02T00:00:00Z,242787,6091,3703
2020-12-03T00:00:00Z,248601,5814,4462.142857
2020-12-04T00:00:00Z,253906,5305,4732.857143
2020-12-05T00:00:00Z,256093,2187,4629.142857
2020-12-06T00:00:00Z,258192,2099,4678.142857
2020-12-07T00:00:00Z,264404,6212,4778.428571
2020-12-08T00:00:00Z,269806,5402,4712.142857
2020-12-09T00:00:00Z,275227,5421,4615.428571
2020-12-10T00:00:00Z,280690,5463,4571.857143
2020-12-11T00:00:00Z,285631,4941,4523
2020-12-12T00:00:00Z,288495,2864,4621.571429
2020-12-13T00:00:00Z,290697,2202,4635.142857
2020-12-14T00:00:00Z,296969,6272,4642.142857
2020-12-15T00:00:00Z,302964,5995,4727.714286
2020-12-16T00:00:00Z,308612,5648,4760.428571
2020-12-17T00:00:00Z,310187,1575,4204.142857
2020-12-18T00:00:00Z,315871,5684,4304.428571
2020-12-19T00:00:00Z,319522,3651,4410.857143
2020-12-20T00:00:00Z,321856,2334,4423.142857
2020-12-21T00:00:00Z,328334,6478,4441.142857
2020-12-22T00:00:00Z,334276,5942,4404.285714
2020-12-23T00:00:00Z,338748,4472,4166.714286
2020-12-24T00:00:00Z,341397,2649,4235.428571
2020-12-25T00:00:00Z,341874,477,3485.142857
2020-12-26T00:00:00Z,346064,4190,3335.857143
2020-12-27T00:00:00Z,348731,2667,3034.857143
2020-12-28T00:00:00Z,357123,8392,2635
2020-12-29T00:00:00Z,364305,7182,4289.857142857143
2020-12-30T00:00:00Z,370021,5716,4467.571428571428
2020-12-31T00:00:00Z,374190,4169,4684.714285714285
2021-01-01T00:00:00Z,375545,1355,4810.142857142857
2021-01-02T00:00:00Z,380229,4684,4880.714285714285
2021-01-03T00:00:00Z,383217,2988,4926.571428571428
2021-01-04T00:00:00Z,392265,9048,5020.285714285715
2021-01-05T00:00:00Z,399979,7714,5096.285714285715
2021-01-06T00:00:00Z,407037,7058,5288
2021-01-07T00:00:00Z,413496,6459,5615.142857142857
2021-01-08T00:00:00Z,419237,5741,6241.714285714285
2021-01-09T00:00:00Z,422833,3596,6086.285714285715
2021-01-10T00:00:00Z,425211,2378,5999.142857142857
2021-01-11T00:00:00Z,431684,6473,5631.285714285715
2021-01-12T00:00:00Z,437226,5542,5321
2021-01-13T00:00:00Z,442121,4895,5012
2021-01-14T00:00:00Z,447122,5001,4803.714285714285
2021-01-15T00:00:00Z,451525,4403,4612.571428571428
2021-01-16T00:00:00Z,454194,2669,4480.142857142857
2021-01-17T00:00:00Z,456185,1991,4424.857142857143
2021-01-18T00:00:00Z,460507,4322,4117.571428571428
2021-01-19T00:00:00Z,465894,5387,4095.4285714285716
2021-01-20T00:00:00Z,470333,4439,4030.285714285714
2021-01-21T00:00:00Z,474675,4342,3936.1428571428573
2021-01-22T00:00:00Z,478623,3948,3871.1428571428573
2021-01-23T00:00:00Z,481064,2441,3838.5714285714284
2021-01-24T00:00:00Z,482656,1592,3781.5714285714284
2021-01-25T00:00:00Z,487015,4359,3786.8571428571427
2021-01-26T00:00:00Z,490785,3770,3555.8571428571427
2021-01-27T00:00:00Z,493881,3096,3364
2021-01-28T00:00:00Z,496983,3102,3186.8571428571427
2021-01-29T00:00:00Z,499635,2652,3001.714285714286
2021-01-30T00:00:00Z,501330,1695,2895.1428571428573
2021-01-31T00:00:00Z,502666,1336,2858.5714285714284
2021-02-01T00:00:00Z,505376,2710,2623
2021-02-02T00:00:00Z,507743,2367,2422.5714285714284
2021-02-03T00:00:00Z,511012,3269,2447.285714285714
2021-02-04T00:00:00Z,513918,2906,2419.285714285714
2021-02-05T00:00:00Z,516418,2500,2397.5714285714284
2021-02-06T00:00:00Z,517905,1487,2367.8571428571427
2021-02-07T00:00:00Z,518722,817,2293.714285714286
2021-02-08T00:00:00Z,521368,2646,2284.5714285714284
2021-02-09T00:00:00Z,523301,1933,2222.5714285714284
2021-02-10T00:00:00Z,525560,2259,2078.285714285714
2021-02-11T00:00:00Z,527654,2094,1962.2857142857142
2021-02-12T00:00:00Z,529345,1691,1846.7142857142858
2021-02-13T00:00:00Z,530455,1110,1792.857142857143
2021-02-14T00:00:00Z,531261,806,1791.2857142857142
2021-02-15T00:00:00Z,532896,1635,1646.857142857143
2021-02-16T00:00:00Z,534815,1919,1644.857142857143
2021-02-17T00:00:00Z,536680,1865,1588.5714285714287
2021-02-18T00:00:00Z,538378,1698,1532
2021-02-19T00:00:00Z,539813,1435,1495.4285714285713
2021-02-20T00:00:00Z,540843,1030,1484
2021-02-21T00:00:00Z,541766,923,1500.7142857142858
2021-02-22T00:00:00Z,543865,2099,1567
2021-02-23T00:00:00Z,545676,1811,1551.5714285714287
2021-02-24T00:00:00Z,547348,1672,1524
2021-02-25T00:00:00Z,548925,1577,1506.7142857142858
2021-02-26T00:00:00Z,550320,1395,1501
2021-02-27T00:00:00Z,551267,947,1489.142857142857
2021-02-28T00:00:00Z,552096,829,1475.7142857142858
2021-03-01T00:00:00Z,553692,1596,1403.857142857143
2021-03-02T00:00:00Z,554566,874,1270
2021-03-03T00:00:00Z,554630,64,1040.2857142857142
