Date,Positive Total,Positive New,7-day confirmed case average
2020-01-29T00:00:00Z,1,1,NA
2020-01-30T00:00:00Z,1,0,NA
2020-01-31T00:00:00Z,1,0,NA
2020-02-01T00:00:00Z,1,0,NA
2020-02-02T00:00:00Z,1,0,NA
2020-02-03T00:00:00Z,1,0,NA
2020-02-04T00:00:00Z,1,0,0.142857143
2020-02-05T00:00:00Z,1,0,0
2020-02-06T00:00:00Z,2,1,0.142857143
2020-02-07T00:00:00Z,2,0,0.142857143
2020-02-08T00:00:00Z,2,0,0.142857143
2020-02-09T00:00:00Z,2,0,0.142857143
2020-02-10T00:00:00Z,2,0,0.142857143
2020-02-11T00:00:00Z,2,0,0.142857143
2020-02-12T00:00:00Z,2,0,0.142857143
2020-02-13T00:00:00Z,2,0,0
2020-02-14T00:00:00Z,2,0,0
2020-02-15T00:00:00Z,2,0,0
2020-02-16T00:00:00Z,2,0,0
2020-02-17T00:00:00Z,2,0,0
2020-02-18T00:00:00Z,2,0,0
2020-02-19T00:00:00Z,2,0,0
2020-02-20T00:00:00Z,2,0,0
2020-02-21T00:00:00Z,2,0,0
2020-02-22T00:00:00Z,2,0,0
2020-02-23T00:00:00Z,2,0,0
2020-02-24T00:00:00Z,2,0,0
2020-02-25T00:00:00Z,2,0,0
2020-02-26T00:00:00Z,2,0,0
2020-02-27T00:00:00Z,2,0,0
2020-02-28T00:00:00Z,2,0,0
2020-02-29T00:00:00Z,2,0,0
2020-03-01T00:00:00Z,3,1,0.142857143
2020-03-02T00:00:00Z,3,0,0.142857143
2020-03-03T00:00:00Z,4,1,0.285714286
2020-03-04T00:00:00Z,6,2,0.571428571
2020-03-05T00:00:00Z,14,8,1.714285714
2020-03-06T00:00:00Z,28,14,3.714285714
2020-03-07T00:00:00Z,72,44,10
2020-03-08T00:00:00Z,91,19,12.57142857
2020-03-09T00:00:00Z,96,5,13.28571429
2020-03-10T00:00:00Z,110,14,15.14285714
2020-03-11T00:00:00Z,132,22,18
2020-03-12T00:00:00Z,161,29,21
2020-03-13T00:00:00Z,222,61,27.71428571
2020-03-14T00:00:00Z,295,73,31.85714286
2020-03-15T00:00:00Z,363,68,38.85714286
2020-03-16T00:00:00Z,513,150,59.57142857
2020-03-17T00:00:00Z,762,249,93.14285714
2020-03-18T00:00:00Z,1021,259,127
2020-03-19T00:00:00Z,1299,278,162.5714286
2020-03-20T00:00:00Z,1687,388,209.2857143
2020-03-21T00:00:00Z,2009,322,244.8571429
2020-03-22T00:00:00Z,2295,286,276
2020-03-23T00:00:00Z,2904,609,341.5714286
2020-03-24T00:00:00Z,3622,718,408.5714286
2020-03-25T00:00:00Z,4368,746,478.1428571
2020-03-26T00:00:00Z,5303,935,572
2020-03-27T00:00:00Z,6246,943,651.2857143
2020-03-28T00:00:00Z,6900,654,698.7142857
2020-03-29T00:00:00Z,7423,523,732.5714286
2020-03-30T00:00:00Z,8661,1238,822.4285714
2020-03-31T00:00:00Z,9927,1266,900.7142857
2020-04-01T00:00:00Z,11265,1338,985.2857143
2020-04-02T00:00:00Z,12540,1275,1033.857143
2020-04-03T00:00:00Z,14019,1479,1110.571429
2020-04-04T00:00:00Z,15181,1162,1183.142857
2020-04-05T00:00:00Z,16158,977,1248
2020-04-06T00:00:00Z,18090,1932,1347.142857
2020-04-07T00:00:00Z,20111,2021,1455
2020-04-08T00:00:00Z,21975,1864,1530.142857
2020-04-09T00:00:00Z,23953,1978,1630.571429
2020-04-10T00:00:00Z,26008,2055,1712.714286
2020-04-11T00:00:00Z,27337,1329,1736.571429
2020-04-12T00:00:00Z,28268,931,1729.857143
2020-04-13T00:00:00Z,30254,1986,1737.571429
2020-04-14T00:00:00Z,33181,2927,1867
2020-04-15T00:00:00Z,35721,2540,1963.571429
2020-04-16T00:00:00Z,38109,2388,2021.857143
2020-04-17T00:00:00Z,41098,2989,2155.285714
2020-04-18T00:00:00Z,42578,1480,2176.857143
2020-04-19T00:00:00Z,43667,1089,2199.571429
2020-04-20T00:00:00Z,46352,2685,2299.428571
2020-04-21T00:00:00Z,48538,2186,2193.571429
2020-04-22T00:00:00Z,51241,2703,2216.857143
2020-04-23T00:00:00Z,53646,2405,2219.571429
2020-04-24T00:00:00Z,55919,2273,2117.428571
2020-04-25T00:00:00Z,57411,1492,2119.142857
2020-04-26T00:00:00Z,58255,844,2084.142857
2020-04-27T00:00:00Z,60383,2128,2004.571429
2020-04-28T00:00:00Z,62486,2103,1992.714286
2020-04-29T00:00:00Z,64671,2185,1918.714286
2020-04-30T00:00:00Z,66718,2047,1867.571429
2020-05-01T00:00:00Z,68799,2081,1840
2020-05-02T00:00:00Z,69828,1029,1773.857143
2020-05-03T00:00:00Z,70561,733,1758
2020-05-04T00:00:00Z,72439,1878,1722.285714
2020-05-05T00:00:00Z,74171,1732,1669.428571
2020-05-06T00:00:00Z,75869,1698,1599.857143
2020-05-07T00:00:00Z,77545,1676,1547
2020-05-08T00:00:00Z,78998,1453,1457.285714
2020-05-09T00:00:00Z,79680,682,1407.714286
2020-05-10T00:00:00Z,80065,385,1358
2020-05-11T00:00:00Z,81370,1305,1276.142857
2020-05-12T00:00:00Z,82820,1450,1235.714286
2020-05-13T00:00:00Z,84131,1311,1180.428571
2020-05-14T00:00:00Z,85445,1314,1128.714286
2020-05-15T00:00:00Z,86549,1104,1079
2020-05-16T00:00:00Z,87194,645,1073.714286
2020-05-17T00:00:00Z,87557,363,1070.571429
2020-05-18T00:00:00Z,88867,1310,1071.428571
2020-05-19T00:00:00Z,89940,1073,1017.571429
2020-05-20T00:00:00Z,90951,1011,974.7142857
2020-05-21T00:00:00Z,91914,963,924.4285714
2020-05-22T00:00:00Z,92776,862,889.7142857
2020-05-23T00:00:00Z,93163,387,852.8571429
2020-05-24T00:00:00Z,93464,301,844
2020-05-25T00:00:00Z,93662,198,685
2020-05-26T00:00:00Z,94526,864,655.1428571
2020-05-27T00:00:00Z,95213,687,608.8571429
2020-05-28T00:00:00Z,95852,639,562.5714286
2020-05-29T00:00:00Z,96382,530,515.1428571
2020-05-30T00:00:00Z,96653,271,498.5714286
2020-05-31T00:00:00Z,96814,161,478.5714286
2020-06-01T00:00:00Z,97322,508,522.8571429
2020-06-02T00:00:00Z,97769,447,463.2857143
2020-06-03T00:00:00Z,98228,459,430.7142857
2020-06-04T00:00:00Z,98606,378,393.4285714
2020-06-05T00:00:00Z,98943,337,365.8571429
2020-06-06T00:00:00Z,99091,148,348.2857143
2020-06-07T00:00:00Z,99242,151,346.8571429
2020-06-08T00:00:00Z,99593,351,324.5714286
2020-06-09T00:00:00Z,99935,342,309.7142857
2020-06-10T00:00:00Z,100194,259,281.1428571
2020-06-11T00:00:00Z,100420,226,259.4285714
2020-06-12T00:00:00Z,100674,254,247.5714286
2020-06-13T00:00:00Z,100770,96,240.2857143
2020-06-14T00:00:00Z,100846,76,229.5714286
2020-06-15T00:00:00Z,101081,235,212.8571429
2020-06-16T00:00:00Z,101279,198,192.1428571
2020-06-17T00:00:00Z,101527,248,190.5714286
2020-06-18T00:00:00Z,101767,240,192.5714286
2020-06-19T00:00:00Z,101942,175,181.2857143
2020-06-20T00:00:00Z,102035,93,180.7142857
2020-06-21T00:00:00Z,102114,79,181.1428571
2020-06-22T00:00:00Z,102338,224,179.5714286
2020-06-23T00:00:00Z,102527,189,178.2857143
2020-06-24T00:00:00Z,102737,210,172.8571429
2020-06-25T00:00:00Z,102943,206,168
2020-06-26T00:00:00Z,103141,198,171.2857143
2020-06-27T00:00:00Z,103275,134,177.1428571
2020-06-28T00:00:00Z,103346,71,176
2020-06-29T00:00:00Z,103551,205,173.2857143
2020-06-30T00:00:00Z,103771,220,177.7142857
2020-07-01T00:00:00Z,103987,216,178.5714286
2020-07-02T00:00:00Z,104213,226,181.4285714
2020-07-03T00:00:00Z,104312,99,167.2857143
2020-07-04T00:00:00Z,104372,60,156.7142857
2020-07-05T00:00:00Z,104473,101,161
2020-07-06T00:00:00Z,104710,237,165.5714286
2020-07-07T00:00:00Z,104951,241,168.5714286
2020-07-08T00:00:00Z,105167,216,168.5714286
2020-07-09T00:00:00Z,105421,254,172.5714286
2020-07-10T00:00:00Z,105649,228,191
2020-07-11T00:00:00Z,105766,117,199.1428571
2020-07-12T00:00:00Z,105853,87,197.1428571
2020-07-13T00:00:00Z,106119,266,201.2857143
2020-07-14T00:00:00Z,106351,232,200
2020-07-15T00:00:00Z,106649,298,211.7142857
2020-07-16T00:00:00Z,106894,245,210.2857143
2020-07-17T00:00:00Z,107121,227,210.1428571
2020-07-18T00:00:00Z,107249,128,211.7142857
2020-07-19T00:00:00Z,107323,74,209.8571429
2020-07-20T00:00:00Z,107602,279,211.7142857
2020-07-21T00:00:00Z,107857,255,215
2020-07-22T00:00:00Z,108115,258,209.2857143
2020-07-23T00:00:00Z,108373,258,211.2857143
2020-07-24T00:00:00Z,108630,257,215.5714286
2020-07-25T00:00:00Z,108789,159,220
2020-07-26T00:00:00Z,108890,101,223.8571429
2020-07-27T00:00:00Z,109251,361,235.5714286
2020-07-28T00:00:00Z,109571,320,244.8571429
2020-07-29T00:00:00Z,109890,319,253.5714286
2020-07-30T00:00:00Z,110226,336,264.7142857
2020-07-31T00:00:00Z,110545,319,273.5714286
2020-08-01T00:00:00Z,110692,147,271.8571429
2020-08-02T00:00:00Z,110801,109,273
2020-08-03T00:00:00Z,111159,358,272.5714286
2020-08-04T00:00:00Z,111467,308,270.8571429
2020-08-05T00:00:00Z,111800,333,272.8571429
2020-08-06T00:00:00Z,112154,354,275.4285714
2020-08-07T00:00:00Z,112453,299,272.5714286
2020-08-08T00:00:00Z,112622,169,275.7142857
2020-08-09T00:00:00Z,112707,85,272.2857143
2020-08-10T00:00:00Z,113080,373,274.5714286
2020-08-11T00:00:00Z,113364,284,271.1428571
2020-08-12T00:00:00Z,113668,304,267
2020-08-13T00:00:00Z,114017,349,266.2857143
2020-08-14T00:00:00Z,114360,343,272.4285714
2020-08-15T00:00:00Z,114511,151,269.8571429
2020-08-16T00:00:00Z,114631,120,274.8571429
2020-08-17T00:00:00Z,115000,369,274.1428571
2020-08-18T00:00:00Z,115381,381,288
2020-08-19T00:00:00Z,115718,337,292.7142857
2020-08-20T00:00:00Z,116075,357,293.7142857
2020-08-21T00:00:00Z,116358,283,285.2857143
2020-08-22T00:00:00Z,116506,148,284.8571429
2020-08-23T00:00:00Z,116598,92,280.8571429
2020-08-24T00:00:00Z,116993,395,284.7142857
2020-08-25T00:00:00Z,117372,379,284.4285714
2020-08-26T00:00:00Z,117751,379,290.4285714
2020-08-27T00:00:00Z,118095,344,288.7142857
2020-08-28T00:00:00Z,118458,363,300.1428571
2020-08-29T00:00:00Z,118630,172,303.5714286
2020-08-30T00:00:00Z,118769,139,310.2857143
2020-08-31T00:00:00Z,119208,439,316.2857143
2020-09-01T00:00:00Z,119603,395,318.5714286
2020-09-02T00:00:00Z,119987,384,319.2857143
2020-09-03T00:00:00Z,120451,464,336.4285714
2020-09-04T00:00:00Z,120798,347,334.2857143
2020-09-05T00:00:00Z,120996,198,338
2020-09-06T00:00:00Z,121109,113,334.1428571
2020-09-07T00:00:00Z,121270,161,294.5714286
2020-09-08T00:00:00Z,121816,546,316.2857143
2020-09-09T00:00:00Z,122291,475,329.1428571
2020-09-10T00:00:00Z,122702,411,321.2857143
2020-09-11T00:00:00Z,123111,409,330
2020-09-12T00:00:00Z,123300,189,328.7142857
2020-09-13T00:00:00Z,123461,161,335.7142857
2020-09-14T00:00:00Z,123964,503,384.5714286
2020-09-15T00:00:00Z,124388,424,367
2020-09-16T00:00:00Z,124801,413,358.2857143
2020-09-17T00:00:00Z,125155,354,350.5714286
2020-09-18T00:00:00Z,125591,436,354.4285714
2020-09-19T00:00:00Z,125793,202,356.2857143
2020-09-20T00:00:00Z,125934,141,353.4285714
2020-09-21T00:00:00Z,126361,427,342.5714286
2020-09-22T00:00:00Z,126869,508,354.5714286
2020-09-23T00:00:00Z,127429,560,375.5714286
2020-09-24T00:00:00Z,128026,597,410.1428571
2020-09-25T00:00:00Z,128579,553,426.8571429
2020-09-26T00:00:00Z,128942,363,450
2020-09-27T00:00:00Z,129167,225,461.8571429
2020-09-28T00:00:00Z,130034,867,524.7142857
2020-09-29T00:00:00Z,130754,720,555
2020-09-30T00:00:00Z,131367,613,562.5714286
2020-10-01T00:00:00Z,132051,684,574.8571429
2020-10-02T00:00:00Z,132616,565,576.5714286
2020-10-03T00:00:00Z,133024,408,582.8571429
2020-10-04T00:00:00Z,133316,292,592.5714286
2020-10-05T00:00:00Z,134066,750,575.8571429
2020-10-06T00:00:00Z,134802,736,577.8571429
2020-10-07T00:00:00Z,135524,722,593.2857143
2020-10-08T00:00:00Z,136359,835,614.8571429
2020-10-09T00:00:00Z,137048,689,632.5714286
2020-10-10T00:00:00Z,137461,413,633.2857143
2020-10-11T00:00:00Z,137725,264,629.2857143
2020-10-12T00:00:00Z,138320,595,606.8571429
2020-10-13T00:00:00Z,139105,785,614.2857143
2020-10-14T00:00:00Z,140002,897,639.7142857
2020-10-15T00:00:00Z,140952,950,656.2857143
2020-10-16T00:00:00Z,141818,866,681.5714286
2020-10-17T00:00:00Z,142361,543,700.2857143
2020-10-18T00:00:00Z,142692,331,709.8571429
2020-10-19T00:00:00Z,143770,1078,779.2857143
2020-10-20T00:00:00Z,144889,1119,826.8571429
2020-10-21T00:00:00Z,146090,1201,869.8571429
2020-10-22T00:00:00Z,147466,1376,930.7142857
2020-10-23T00:00:00Z,148689,1223,981.8571429
2020-10-24T00:00:00Z,149478,789,1016.857143
2020-10-25T00:00:00Z,149961,483,1038.714286
2020-10-26T00:00:00Z,151484,1523,1102.428571
2020-10-27T00:00:00Z,152827,1343,1134.714286
2020-10-28T00:00:00Z,154266,1439,1169
2020-10-29T00:00:00Z,155651,1385,1170.285714
2020-10-30T00:00:00Z,156775,1124,1156.142857
2020-10-31T00:00:00Z,157645,870,1167.857143
2020-11-01T00:00:00Z,158167,522,1173.285714
2020-11-02T00:00:00Z,160003,1836,1218
2020-11-03T00:00:00Z,161909,1906,1298
2020-11-04T00:00:00Z,164083,2174,1402.857143
2020-11-05T00:00:00Z,166500,2417,1550.142857
2020-11-06T00:00:00Z,168740,2240,1709
2020-11-07T00:00:00Z,170068,1328,1774
2020-11-08T00:00:00Z,171013,945,1834.142857
2020-11-09T00:00:00Z,174187,3174,2025.428571
2020-11-10T00:00:00Z,177009,2822,2156.285714
2020-11-11T00:00:00Z,179672,2663,2225.714286
2020-11-12T00:00:00Z,182655,2983,2307
2020-11-13T00:00:00Z,185262,2607,2359.714286
2020-11-14T00:00:00Z,186974,1712,2414.571429
2020-11-15T00:00:00Z,188166,1192,2450.142857
2020-11-16T00:00:00Z,191692,3526,2499.857143
2020-11-17T00:00:00Z,194828,3136,2544.714286
2020-11-18T00:00:00Z,197750,2922,2582.428571
2020-11-19T00:00:00Z,200748,2998,2584.571429
2020-11-20T00:00:00Z,203597,2849,2619.142857
2020-11-21T00:00:00Z,205363,1766,2627.428571
2020-11-22T00:00:00Z,206558,1195,2627.285714
2020-11-23T00:00:00Z,210146,3588,2636.714286
2020-11-24T00:00:00Z,213937,3791,2729.714286
2020-11-25T00:00:00Z,216880,2943,2732
2020-11-26T00:00:00Z,217326,446,2367
2020-11-27T00:00:00Z,220710,3384,2443.285714
2020-11-28T00:00:00Z,223618,2908,2605.714286
2020-11-29T00:00:00Z,225381,1763,2686.714286
2020-11-30T00:00:00Z,230887,5506,2959.571429
2020-12-01T00:00:00Z,236752,5865,3255.285714
2020-12-02T00:00:00Z,242846,6094,3703
2020-12-03T00:00:00Z,248659,5813,4462.142857
2020-12-04T00:00:00Z,253963,5304,4732.857143
2020-12-05T00:00:00Z,256150,2187,4629.142857
2020-12-06T00:00:00Z,258249,2099,4678.142857
2020-12-07T00:00:00Z,264466,6217,4778.428571
2020-12-08T00:00:00Z,269872,5406,4712.142857
2020-12-09T00:00:00Z,275293,5421,4615.428571
2020-12-10T00:00:00Z,280757,5464,4571.857143
2020-12-11T00:00:00Z,285701,4944,4523
2020-12-12T00:00:00Z,288565,2864,4621.571429
2020-12-13T00:00:00Z,290767,2202,4635.142857
2020-12-14T00:00:00Z,297040,6273,4642.142857
2020-12-15T00:00:00Z,303039,5999,4727.714286
2020-12-16T00:00:00Z,308687,5648,4760.428571
2020-12-17T00:00:00Z,310262,1575,4204.142857
2020-12-18T00:00:00Z,315946,5684,4304.428571
2020-12-19T00:00:00Z,319598,3652,4410.857143
2020-12-20T00:00:00Z,321932,2334,4423.142857
2020-12-21T00:00:00Z,328411,6479,4441.142857
2020-12-22T00:00:00Z,334352,5941,4404.285714
2020-12-23T00:00:00Z,338824,4472,4166.714286
2020-12-24T00:00:00Z,341473,2649,4235.428571
2020-12-25T00:00:00Z,341950,477,3485.142857
2020-12-26T00:00:00Z,346138,4188,3335.857143
2020-12-27T00:00:00Z,348804,2666,3034.857143
2020-12-28T00:00:00Z,357197,8393,2635
2020-12-29T00:00:00Z,364380,7183,4289.714285714285
2020-12-30T00:00:00Z,370097,5717,4467.571428571428
2020-12-31T00:00:00Z,374265,4168,4684.571428571428
2021-01-01T00:00:00Z,375620,1355,4810
2021-01-02T00:00:00Z,380302,4682,4880.571428571428
2021-01-03T00:00:00Z,383290,2988,4926.571428571428
2021-01-04T00:00:00Z,392336,9046,5019.857142857143
2021-01-05T00:00:00Z,400051,7715,5095.857142857143
2021-01-06T00:00:00Z,407110,7059,5287.571428571428
2021-01-07T00:00:00Z,413571,6461,5615.142857142857
2021-01-08T00:00:00Z,419315,5744,6242.142857142857
2021-01-09T00:00:00Z,422913,3598,6087.285714285715
2021-01-10T00:00:00Z,425291,2378,6000.142857142857
2021-01-11T00:00:00Z,431769,6478,5633.285714285715
2021-01-12T00:00:00Z,437315,5546,5323.428571428572
2021-01-13T00:00:00Z,442216,4901,5015.142857142857
2021-01-14T00:00:00Z,447219,5003,4806.857142857143
2021-01-15T00:00:00Z,451620,4401,4615
2021-01-16T00:00:00Z,454289,2669,4482.285714285715
2021-01-17T00:00:00Z,456282,1993,4427.285714285715
2021-01-18T00:00:00Z,460608,4326,4119.857142857143
2021-01-19T00:00:00Z,465995,5387,4097.142857142857
2021-01-20T00:00:00Z,470434,4439,4031.1428571428573
2021-01-21T00:00:00Z,474777,4343,3936.8571428571427
2021-01-22T00:00:00Z,478728,3951,3872.5714285714284
2021-01-23T00:00:00Z,481172,2444,3840.4285714285716
2021-01-24T00:00:00Z,482772,1600,3784.285714285714
2021-01-25T00:00:00Z,487289,4517,3811.5714285714284
2021-01-26T00:00:00Z,491192,3903,3599.5714285714284
2021-01-27T00:00:00Z,494381,3189,3421
2021-01-28T00:00:00Z,497601,3220,3260.5714285714284
2021-01-29T00:00:00Z,500328,2727,3085.714285714286
2021-01-30T00:00:00Z,502077,1749,2986.4285714285716
2021-01-31T00:00:00Z,503448,1371,2953.714285714286
2021-02-01T00:00:00Z,506221,2773,2704.5714285714284
2021-02-02T00:00:00Z,508632,2411,2491.4285714285716
2021-02-03T00:00:00Z,511965,3333,2512
2021-02-04T00:00:00Z,514904,2939,2471.8571428571427
2021-02-05T00:00:00Z,517384,2480,2436.5714285714284
2021-02-06T00:00:00Z,518863,1479,2398
2021-02-07T00:00:00Z,519678,815,2318.5714285714284
2021-02-08T00:00:00Z,522272,2594,2293
2021-02-09T00:00:00Z,523995,1723,2194.714285714286
2021-02-10T00:00:00Z,525372,1377,1915.2857142857142
2021-02-11T00:00:00Z,525486,114,1511.7142857142858
