Date,Positive Total,Positive New,7-day confirmed case average
2020-01-29T00:00:00Z,1,1,NA
2020-01-30T00:00:00Z,1,0,NA
2020-01-31T00:00:00Z,1,0,NA
2020-02-01T00:00:00Z,1,0,NA
2020-02-02T00:00:00Z,1,0,NA
2020-02-03T00:00:00Z,1,0,NA
2020-02-04T00:00:00Z,1,0,0.142857143
2020-02-05T00:00:00Z,1,0,0
2020-02-06T00:00:00Z,2,1,0.142857143
2020-02-07T00:00:00Z,2,0,0.142857143
2020-02-08T00:00:00Z,2,0,0.142857143
2020-02-09T00:00:00Z,2,0,0.142857143
2020-02-10T00:00:00Z,2,0,0.142857143
2020-02-11T00:00:00Z,2,0,0.142857143
2020-02-12T00:00:00Z,2,0,0.142857143
2020-02-13T00:00:00Z,2,0,0
2020-02-14T00:00:00Z,2,0,0
2020-02-15T00:00:00Z,2,0,0
2020-02-16T00:00:00Z,2,0,0
2020-02-17T00:00:00Z,2,0,0
2020-02-18T00:00:00Z,2,0,0
2020-02-19T00:00:00Z,2,0,0
2020-02-20T00:00:00Z,2,0,0
2020-02-21T00:00:00Z,2,0,0
2020-02-22T00:00:00Z,2,0,0
2020-02-23T00:00:00Z,2,0,0
2020-02-24T00:00:00Z,2,0,0
2020-02-25T00:00:00Z,2,0,0
2020-02-26T00:00:00Z,2,0,0
2020-02-27T00:00:00Z,2,0,0
2020-02-28T00:00:00Z,2,0,0
2020-02-29T00:00:00Z,2,0,0
2020-03-01T00:00:00Z,3,1,0.142857143
2020-03-02T00:00:00Z,3,0,0.142857143
2020-03-03T00:00:00Z,4,1,0.285714286
2020-03-04T00:00:00Z,6,2,0.571428571
2020-03-05T00:00:00Z,14,8,1.714285714
2020-03-06T00:00:00Z,28,14,3.714285714
2020-03-07T00:00:00Z,72,44,10
2020-03-08T00:00:00Z,91,19,12.57142857
2020-03-09T00:00:00Z,96,5,13.28571429
2020-03-10T00:00:00Z,110,14,15.14285714
2020-03-11T00:00:00Z,132,22,18
2020-03-12T00:00:00Z,161,29,21
2020-03-13T00:00:00Z,222,61,27.71428571
2020-03-14T00:00:00Z,295,73,31.85714286
2020-03-15T00:00:00Z,363,68,38.85714286
2020-03-16T00:00:00Z,513,150,59.57142857
2020-03-17T00:00:00Z,762,249,93.14285714
2020-03-18T00:00:00Z,1021,259,127
2020-03-19T00:00:00Z,1299,278,162.5714286
2020-03-20T00:00:00Z,1687,388,209.2857143
2020-03-21T00:00:00Z,2009,322,244.8571429
2020-03-22T00:00:00Z,2295,286,276
2020-03-23T00:00:00Z,2904,609,341.5714286
2020-03-24T00:00:00Z,3622,718,408.5714286
2020-03-25T00:00:00Z,4368,746,478.1428571
2020-03-26T00:00:00Z,5303,935,572
2020-03-27T00:00:00Z,6246,943,651.2857143
2020-03-28T00:00:00Z,6900,654,698.7142857
2020-03-29T00:00:00Z,7423,523,732.5714286
2020-03-30T00:00:00Z,8661,1238,822.4285714
2020-03-31T00:00:00Z,9927,1266,900.7142857
2020-04-01T00:00:00Z,11265,1338,985.2857143
2020-04-02T00:00:00Z,12540,1275,1033.857143
2020-04-03T00:00:00Z,14019,1479,1110.571429
2020-04-04T00:00:00Z,15181,1162,1183.142857
2020-04-05T00:00:00Z,16158,977,1248
2020-04-06T00:00:00Z,18090,1932,1347.142857
2020-04-07T00:00:00Z,20111,2021,1455
2020-04-08T00:00:00Z,21975,1864,1530.142857
2020-04-09T00:00:00Z,23953,1978,1630.571429
2020-04-10T00:00:00Z,26008,2055,1712.714286
2020-04-11T00:00:00Z,27337,1329,1736.571429
2020-04-12T00:00:00Z,28268,931,1729.857143
2020-04-13T00:00:00Z,30254,1986,1737.571429
2020-04-14T00:00:00Z,33181,2927,1867
2020-04-15T00:00:00Z,35721,2540,1963.571429
2020-04-16T00:00:00Z,38109,2388,2021.857143
2020-04-17T00:00:00Z,41098,2989,2155.285714
2020-04-18T00:00:00Z,42578,1480,2176.857143
2020-04-19T00:00:00Z,43667,1089,2199.571429
2020-04-20T00:00:00Z,46352,2685,2299.428571
2020-04-21T00:00:00Z,48537,2185,2193.571429
2020-04-22T00:00:00Z,51240,2703,2216.857143
2020-04-23T00:00:00Z,53645,2405,2219.571429
2020-04-24T00:00:00Z,55918,2273,2117.428571
2020-04-25T00:00:00Z,57410,1492,2119.142857
2020-04-26T00:00:00Z,58254,844,2084.142857
2020-04-27T00:00:00Z,60382,2128,2004.571429
2020-04-28T00:00:00Z,62485,2103,1992.714286
2020-04-29T00:00:00Z,64670,2185,1918.714286
2020-04-30T00:00:00Z,66717,2047,1867.571429
2020-05-01T00:00:00Z,68798,2081,1840
2020-05-02T00:00:00Z,69827,1029,1773.857143
2020-05-03T00:00:00Z,70560,733,1758
2020-05-04T00:00:00Z,72438,1878,1722.285714
2020-05-05T00:00:00Z,74170,1732,1669.428571
2020-05-06T00:00:00Z,75867,1697,1599.857143
2020-05-07T00:00:00Z,77543,1676,1547
2020-05-08T00:00:00Z,78996,1453,1457.285714
2020-05-09T00:00:00Z,79678,682,1407.714286
2020-05-10T00:00:00Z,80063,385,1358
2020-05-11T00:00:00Z,81366,1303,1276.142857
2020-05-12T00:00:00Z,82816,1450,1235.714286
2020-05-13T00:00:00Z,84127,1311,1180.428571
2020-05-14T00:00:00Z,85441,1314,1128.714286
2020-05-15T00:00:00Z,86544,1103,1079
2020-05-16T00:00:00Z,87189,645,1073.714286
2020-05-17T00:00:00Z,87552,363,1070.571429
2020-05-18T00:00:00Z,88862,1310,1071.428571
2020-05-19T00:00:00Z,89935,1073,1017.571429
2020-05-20T00:00:00Z,90946,1011,974.7142857
2020-05-21T00:00:00Z,91909,963,924.4285714
2020-05-22T00:00:00Z,92771,862,889.7142857
2020-05-23T00:00:00Z,93157,386,852.8571429
2020-05-24T00:00:00Z,93458,301,844
2020-05-25T00:00:00Z,93656,198,685
2020-05-26T00:00:00Z,94520,864,655.1428571
2020-05-27T00:00:00Z,95206,686,608.8571429
2020-05-28T00:00:00Z,95845,639,562.5714286
2020-05-29T00:00:00Z,96375,530,515.1428571
2020-05-30T00:00:00Z,96646,271,498.5714286
2020-05-31T00:00:00Z,96807,161,478.5714286
2020-06-01T00:00:00Z,97315,508,522.8571429
2020-06-02T00:00:00Z,97762,447,463.2857143
2020-06-03T00:00:00Z,98221,459,430.7142857
2020-06-04T00:00:00Z,98599,378,393.4285714
2020-06-05T00:00:00Z,98936,337,365.8571429
2020-06-06T00:00:00Z,99084,148,348.2857143
2020-06-07T00:00:00Z,99235,151,346.8571429
2020-06-08T00:00:00Z,99586,351,324.5714286
2020-06-09T00:00:00Z,99928,342,309.7142857
2020-06-10T00:00:00Z,100187,259,281.1428571
2020-06-11T00:00:00Z,100413,226,259.4285714
2020-06-12T00:00:00Z,100667,254,247.5714286
2020-06-13T00:00:00Z,100763,96,240.2857143
2020-06-14T00:00:00Z,100839,76,229.5714286
2020-06-15T00:00:00Z,101074,235,212.8571429
2020-06-16T00:00:00Z,101272,198,192.1428571
2020-06-17T00:00:00Z,101520,248,190.5714286
2020-06-18T00:00:00Z,101760,240,192.5714286
2020-06-19T00:00:00Z,101935,175,181.2857143
2020-06-20T00:00:00Z,102028,93,180.7142857
2020-06-21T00:00:00Z,102107,79,181.1428571
2020-06-22T00:00:00Z,102331,224,179.5714286
2020-06-23T00:00:00Z,102520,189,178.2857143
2020-06-24T00:00:00Z,102730,210,172.8571429
2020-06-25T00:00:00Z,102936,206,168
2020-06-26T00:00:00Z,103134,198,171.2857143
2020-06-27T00:00:00Z,103268,134,177.1428571
2020-06-28T00:00:00Z,103339,71,176
2020-06-29T00:00:00Z,103544,205,173.2857143
2020-06-30T00:00:00Z,103764,220,177.7142857
2020-07-01T00:00:00Z,103980,216,178.5714286
2020-07-02T00:00:00Z,104206,226,181.4285714
2020-07-03T00:00:00Z,104305,99,167.2857143
2020-07-04T00:00:00Z,104365,60,156.7142857
2020-07-05T00:00:00Z,104466,101,161
2020-07-06T00:00:00Z,104703,237,165.5714286
2020-07-07T00:00:00Z,104944,241,168.5714286
2020-07-08T00:00:00Z,105160,216,168.5714286
2020-07-09T00:00:00Z,105414,254,172.5714286
2020-07-10T00:00:00Z,105642,228,191
2020-07-11T00:00:00Z,105759,117,199.1428571
2020-07-12T00:00:00Z,105846,87,197.1428571
2020-07-13T00:00:00Z,106112,266,201.2857143
2020-07-14T00:00:00Z,106344,232,200
2020-07-15T00:00:00Z,106642,298,211.7142857
2020-07-16T00:00:00Z,106887,245,210.2857143
2020-07-17T00:00:00Z,107114,227,210.1428571
2020-07-18T00:00:00Z,107242,128,211.7142857
2020-07-19T00:00:00Z,107316,74,209.8571429
2020-07-20T00:00:00Z,107595,279,211.7142857
2020-07-21T00:00:00Z,107850,255,215
2020-07-22T00:00:00Z,108108,258,209.2857143
2020-07-23T00:00:00Z,108366,258,211.2857143
2020-07-24T00:00:00Z,108623,257,215.5714286
2020-07-25T00:00:00Z,108782,159,220
2020-07-26T00:00:00Z,108883,101,223.8571429
2020-07-27T00:00:00Z,109244,361,235.5714286
2020-07-28T00:00:00Z,109564,320,244.8571429
2020-07-29T00:00:00Z,109883,319,253.5714286
2020-07-30T00:00:00Z,110219,336,264.7142857
2020-07-31T00:00:00Z,110538,319,273.5714286
2020-08-01T00:00:00Z,110685,147,271.8571429
2020-08-02T00:00:00Z,110794,109,273
2020-08-03T00:00:00Z,111152,358,272.5714286
2020-08-04T00:00:00Z,111460,308,270.8571429
2020-08-05T00:00:00Z,111793,333,272.8571429
2020-08-06T00:00:00Z,112147,354,275.4285714
2020-08-07T00:00:00Z,112446,299,272.5714286
2020-08-08T00:00:00Z,112615,169,275.7142857
2020-08-09T00:00:00Z,112700,85,272.2857143
2020-08-10T00:00:00Z,113073,373,274.5714286
2020-08-11T00:00:00Z,113357,284,271.1428571
2020-08-12T00:00:00Z,113661,304,267
2020-08-13T00:00:00Z,114010,349,266.2857143
2020-08-14T00:00:00Z,114353,343,272.4285714
2020-08-15T00:00:00Z,114504,151,269.8571429
2020-08-16T00:00:00Z,114624,120,274.8571429
2020-08-17T00:00:00Z,114993,369,274.1428571
2020-08-18T00:00:00Z,115374,381,288
2020-08-19T00:00:00Z,115710,336,292.7142857
2020-08-20T00:00:00Z,116067,357,293.7142857
2020-08-21T00:00:00Z,116350,283,285.2857143
2020-08-22T00:00:00Z,116498,148,284.8571429
2020-08-23T00:00:00Z,116590,92,280.8571429
2020-08-24T00:00:00Z,116985,395,284.7142857
2020-08-25T00:00:00Z,117364,379,284.4285714
2020-08-26T00:00:00Z,117743,379,290.4285714
2020-08-27T00:00:00Z,118087,344,288.7142857
2020-08-28T00:00:00Z,118450,363,300.1428571
2020-08-29T00:00:00Z,118622,172,303.5714286
2020-08-30T00:00:00Z,118761,139,310.2857143
2020-08-31T00:00:00Z,119200,439,316.2857143
2020-09-01T00:00:00Z,119595,395,318.5714286
2020-09-02T00:00:00Z,119979,384,319.2857143
2020-09-03T00:00:00Z,120443,464,336.4285714
2020-09-04T00:00:00Z,120790,347,334.2857143
2020-09-05T00:00:00Z,120988,198,338
2020-09-06T00:00:00Z,121101,113,334.1428571
2020-09-07T00:00:00Z,121262,161,294.5714286
2020-09-08T00:00:00Z,121808,546,316.2857143
2020-09-09T00:00:00Z,122283,475,329.1428571
2020-09-10T00:00:00Z,122694,411,321.2857143
2020-09-11T00:00:00Z,123103,409,330
2020-09-12T00:00:00Z,123292,189,328.7142857
2020-09-13T00:00:00Z,123453,161,335.7142857
2020-09-14T00:00:00Z,123956,503,384.5714286
2020-09-15T00:00:00Z,124380,424,367
2020-09-16T00:00:00Z,124793,413,358.2857143
2020-09-17T00:00:00Z,125147,354,350.5714286
2020-09-18T00:00:00Z,125583,436,354.4285714
2020-09-19T00:00:00Z,125785,202,356.2857143
2020-09-20T00:00:00Z,125926,141,353.4285714
2020-09-21T00:00:00Z,126353,427,342.5714286
2020-09-22T00:00:00Z,126861,508,354.5714286
2020-09-23T00:00:00Z,127421,560,375.5714286
2020-09-24T00:00:00Z,128018,597,410.1428571
2020-09-25T00:00:00Z,128571,553,426.8571429
2020-09-26T00:00:00Z,128934,363,450
2020-09-27T00:00:00Z,129159,225,461.8571429
2020-09-28T00:00:00Z,130026,867,524.7142857
2020-09-29T00:00:00Z,130746,720,555
2020-09-30T00:00:00Z,131359,613,562.5714286
2020-10-01T00:00:00Z,132043,684,574.8571429
2020-10-02T00:00:00Z,132608,565,576.5714286
2020-10-03T00:00:00Z,133016,408,582.8571429
2020-10-04T00:00:00Z,133308,292,592.5714286
2020-10-05T00:00:00Z,134058,750,575.8571429
2020-10-06T00:00:00Z,134794,736,577.8571429
2020-10-07T00:00:00Z,135516,722,593.2857143
2020-10-08T00:00:00Z,136351,835,614.8571429
2020-10-09T00:00:00Z,137039,688,632.5714286
2020-10-10T00:00:00Z,137451,412,633.2857143
2020-10-11T00:00:00Z,137715,264,629.2857143
2020-10-12T00:00:00Z,138310,595,606.8571429
2020-10-13T00:00:00Z,139095,785,614.2857143
2020-10-14T00:00:00Z,139992,897,639.7142857
2020-10-15T00:00:00Z,140942,950,656.2857143
2020-10-16T00:00:00Z,141808,866,681.5714286
2020-10-17T00:00:00Z,142351,543,700.2857143
2020-10-18T00:00:00Z,142682,331,709.8571429
2020-10-19T00:00:00Z,143760,1078,779.2857143
2020-10-20T00:00:00Z,144879,1119,826.8571429
2020-10-21T00:00:00Z,146080,1201,869.8571429
2020-10-22T00:00:00Z,147456,1376,930.7142857
2020-10-23T00:00:00Z,148679,1223,981.8571429
2020-10-24T00:00:00Z,149468,789,1016.857143
2020-10-25T00:00:00Z,149951,483,1038.714286
2020-10-26T00:00:00Z,151474,1523,1102.428571
2020-10-27T00:00:00Z,152817,1343,1134.714286
2020-10-28T00:00:00Z,154256,1439,1169
2020-10-29T00:00:00Z,155641,1385,1170.285714
2020-10-30T00:00:00Z,156764,1123,1156.142857
2020-10-31T00:00:00Z,157634,870,1167.857143
2020-11-01T00:00:00Z,158156,522,1173.285714
2020-11-02T00:00:00Z,159992,1836,1218
2020-11-03T00:00:00Z,161897,1905,1298
2020-11-04T00:00:00Z,164070,2173,1402.857143
2020-11-05T00:00:00Z,166486,2416,1550.142857
2020-11-06T00:00:00Z,168725,2239,1709
2020-11-07T00:00:00Z,170053,1328,1774
2020-11-08T00:00:00Z,170996,943,1834.142857
2020-11-09T00:00:00Z,174170,3174,2025.428571
2020-11-10T00:00:00Z,176992,2822,2156.285714
2020-11-11T00:00:00Z,179654,2662,2225.714286
2020-11-12T00:00:00Z,182636,2982,2307
2020-11-13T00:00:00Z,185243,2607,2359.714286
2020-11-14T00:00:00Z,186954,1711,2414.571429
2020-11-15T00:00:00Z,188145,1191,2450.142857
2020-11-16T00:00:00Z,191671,3526,2499.857143
2020-11-17T00:00:00Z,194806,3135,2544.714286
2020-11-18T00:00:00Z,197727,2921,2582.428571
2020-11-19T00:00:00Z,200725,2998,2584.571429
2020-11-20T00:00:00Z,203573,2848,2619.142857
2020-11-21T00:00:00Z,205338,1765,2627.428571
2020-11-22T00:00:00Z,206532,1194,2627.285714
2020-11-23T00:00:00Z,210121,3589,2636.714286
2020-11-24T00:00:00Z,213912,3791,2729.714286
2020-11-25T00:00:00Z,216855,2943,2732
2020-11-26T00:00:00Z,217300,445,2367
2020-11-27T00:00:00Z,220682,3382,2443.285714
2020-11-28T00:00:00Z,223591,2909,2605.714286
2020-11-29T00:00:00Z,225354,1763,2686.714286
2020-11-30T00:00:00Z,230859,5505,2959.571429
2020-12-01T00:00:00Z,236722,5863,3255.285714
2020-12-02T00:00:00Z,242813,6091,3703
2020-12-03T00:00:00Z,248625,5812,4462.142857
2020-12-04T00:00:00Z,253930,5305,4732.857143
2020-12-05T00:00:00Z,256117,2187,4629.142857
2020-12-06T00:00:00Z,258216,2099,4678.142857
2020-12-07T00:00:00Z,264430,6214,4778.428571
2020-12-08T00:00:00Z,269834,5404,4712.142857
2020-12-09T00:00:00Z,275255,5421,4615.428571
2020-12-10T00:00:00Z,280718,5463,4571.857143
2020-12-11T00:00:00Z,285660,4942,4523
2020-12-12T00:00:00Z,288524,2864,4621.571429
2020-12-13T00:00:00Z,290726,2202,4635.142857
2020-12-14T00:00:00Z,296998,6272,4642.142857
2020-12-15T00:00:00Z,302995,5997,4727.714286
2020-12-16T00:00:00Z,308643,5648,4760.428571
2020-12-17T00:00:00Z,310218,1575,4204.142857
2020-12-18T00:00:00Z,315902,5684,4304.428571
2020-12-19T00:00:00Z,319553,3651,4410.857143
2020-12-20T00:00:00Z,321887,2334,4423.142857
2020-12-21T00:00:00Z,328366,6479,4441.142857
2020-12-22T00:00:00Z,334307,5941,4404.285714
2020-12-23T00:00:00Z,338779,4472,4166.714286
2020-12-24T00:00:00Z,341428,2649,4235.428571
2020-12-25T00:00:00Z,341905,477,3485.142857
2020-12-26T00:00:00Z,346093,4188,3335.857143
2020-12-27T00:00:00Z,348760,2667,3034.857143
2020-12-28T00:00:00Z,357152,8392,2635
2020-12-29T00:00:00Z,364334,7182,4289.571428571428
2020-12-30T00:00:00Z,370049,5715,4467.142857142857
2020-12-31T00:00:00Z,374217,4168,4684.142857142857
2021-01-01T00:00:00Z,375572,1355,4809.571428571428
2021-01-02T00:00:00Z,380254,4682,4880.142857142857
2021-01-03T00:00:00Z,383241,2987,4925.857142857143
2021-01-04T00:00:00Z,392286,9045,5019.142857142857
2021-01-05T00:00:00Z,400000,7714,5095.142857142857
2021-01-06T00:00:00Z,407058,7058,5287
2021-01-07T00:00:00Z,413516,6458,5614.142857142857
2021-01-08T00:00:00Z,419257,5741,6240.714285714285
2021-01-09T00:00:00Z,422855,3598,6085.857142857143
2021-01-10T00:00:00Z,425233,2378,5998.857142857143
2021-01-11T00:00:00Z,431709,6476,5631.857142857143
2021-01-12T00:00:00Z,437252,5543,5321.714285714285
2021-01-13T00:00:00Z,442150,4898,5013.142857142857
2021-01-14T00:00:00Z,447153,5003,4805.285714285715
2021-01-15T00:00:00Z,451555,4402,4614
2021-01-16T00:00:00Z,454224,2669,4481.285714285715
2021-01-17T00:00:00Z,456216,1992,4426.142857142857
2021-01-18T00:00:00Z,460540,4324,4118.714285714285
2021-01-19T00:00:00Z,465927,5387,4096.428571428572
2021-01-20T00:00:00Z,470366,4439,4030.8571428571427
2021-01-21T00:00:00Z,474707,4341,3936.285714285714
2021-01-22T00:00:00Z,478656,3949,3871.5714285714284
2021-01-23T00:00:00Z,481098,2442,3839.1428571428573
2021-01-24T00:00:00Z,482698,1600,3783.1428571428573
2021-01-25T00:00:00Z,487207,4509,3809.5714285714284
2021-01-26T00:00:00Z,491106,3899,3597
2021-01-27T00:00:00Z,494294,3188,3418.285714285714
2021-01-28T00:00:00Z,497499,3205,3256
2021-01-29T00:00:00Z,500213,2714,3079.5714285714284
2021-01-30T00:00:00Z,501958,1745,2980
2021-01-31T00:00:00Z,503325,1367,2946.714285714286
2021-02-01T00:00:00Z,506094,2769,2698.1428571428573
2021-02-02T00:00:00Z,508500,2406,2484.8571428571427
2021-02-03T00:00:00Z,511838,3338,2506.285714285714
2021-02-04T00:00:00Z,514797,2959,2471.1428571428573
2021-02-05T00:00:00Z,517296,2499,2440.4285714285716
2021-02-06T00:00:00Z,518783,1487,2403.5714285714284
2021-02-07T00:00:00Z,519597,814,2324.5714285714284
2021-02-08T00:00:00Z,522235,2638,2305.8571428571427
2021-02-09T00:00:00Z,524146,1911,2235.1428571428573
2021-02-10T00:00:00Z,526401,2255,2080.4285714285716
2021-02-11T00:00:00Z,528483,2082,1955.142857142857
2021-02-12T00:00:00Z,530150,1667,1836.2857142857142
2021-02-13T00:00:00Z,531227,1077,1777.7142857142858
2021-02-14T00:00:00Z,531913,686,1759.4285714285713
2021-02-15T00:00:00Z,532859,946,1517.7142857142858
2021-02-16T00:00:00Z,533024,165,1268.2857142857142
