Date,Positive Total,Positive New,7-day confirmed case average
2020-01-29T00:00:00Z,1,1,NA
2020-01-30T00:00:00Z,1,0,NA
2020-01-31T00:00:00Z,1,0,NA
2020-02-01T00:00:00Z,1,0,NA
2020-02-02T00:00:00Z,1,0,NA
2020-02-03T00:00:00Z,1,0,NA
2020-02-04T00:00:00Z,1,0,0.142857143
2020-02-05T00:00:00Z,1,0,0
2020-02-06T00:00:00Z,2,1,0.142857143
2020-02-07T00:00:00Z,2,0,0.142857143
2020-02-08T00:00:00Z,2,0,0.142857143
2020-02-09T00:00:00Z,2,0,0.142857143
2020-02-10T00:00:00Z,2,0,0.142857143
2020-02-11T00:00:00Z,2,0,0.142857143
2020-02-12T00:00:00Z,2,0,0.142857143
2020-02-13T00:00:00Z,2,0,0
2020-02-14T00:00:00Z,2,0,0
2020-02-15T00:00:00Z,2,0,0
2020-02-16T00:00:00Z,2,0,0
2020-02-17T00:00:00Z,2,0,0
2020-02-18T00:00:00Z,2,0,0
2020-02-19T00:00:00Z,2,0,0
2020-02-20T00:00:00Z,2,0,0
2020-02-21T00:00:00Z,2,0,0
2020-02-22T00:00:00Z,2,0,0
2020-02-23T00:00:00Z,2,0,0
2020-02-24T00:00:00Z,2,0,0
2020-02-25T00:00:00Z,2,0,0
2020-02-26T00:00:00Z,2,0,0
2020-02-27T00:00:00Z,2,0,0
2020-02-28T00:00:00Z,2,0,0
2020-02-29T00:00:00Z,2,0,0
2020-03-01T00:00:00Z,3,1,0.142857143
2020-03-02T00:00:00Z,3,0,0.142857143
2020-03-03T00:00:00Z,4,1,0.285714286
2020-03-04T00:00:00Z,6,2,0.571428571
2020-03-05T00:00:00Z,14,8,1.714285714
2020-03-06T00:00:00Z,28,14,3.714285714
2020-03-07T00:00:00Z,72,44,10
2020-03-08T00:00:00Z,91,19,12.57142857
2020-03-09T00:00:00Z,96,5,13.28571429
2020-03-10T00:00:00Z,110,14,15.14285714
2020-03-11T00:00:00Z,132,22,18
2020-03-12T00:00:00Z,161,29,21
2020-03-13T00:00:00Z,222,61,27.71428571
2020-03-14T00:00:00Z,295,73,31.85714286
2020-03-15T00:00:00Z,363,68,38.85714286
2020-03-16T00:00:00Z,513,150,59.57142857
2020-03-17T00:00:00Z,762,249,93.14285714
2020-03-18T00:00:00Z,1021,259,127
2020-03-19T00:00:00Z,1299,278,162.5714286
2020-03-20T00:00:00Z,1687,388,209.2857143
2020-03-21T00:00:00Z,2009,322,244.8571429
2020-03-22T00:00:00Z,2295,286,276
2020-03-23T00:00:00Z,2904,609,341.5714286
2020-03-24T00:00:00Z,3622,718,408.5714286
2020-03-25T00:00:00Z,4369,747,478.1428571
2020-03-26T00:00:00Z,5304,935,572
2020-03-27T00:00:00Z,6247,943,651.2857143
2020-03-28T00:00:00Z,6901,654,698.7142857
2020-03-29T00:00:00Z,7424,523,732.5714286
2020-03-30T00:00:00Z,8662,1238,822.4285714
2020-03-31T00:00:00Z,9928,1266,900.7142857
2020-04-01T00:00:00Z,11266,1338,985.2857143
2020-04-02T00:00:00Z,12541,1275,1033.857143
2020-04-03T00:00:00Z,14020,1479,1110.571429
2020-04-04T00:00:00Z,15182,1162,1183.142857
2020-04-05T00:00:00Z,16159,977,1248
2020-04-06T00:00:00Z,18091,1932,1347.142857
2020-04-07T00:00:00Z,20112,2021,1455
2020-04-08T00:00:00Z,21976,1864,1530.142857
2020-04-09T00:00:00Z,23954,1978,1630.571429
2020-04-10T00:00:00Z,26009,2055,1712.714286
2020-04-11T00:00:00Z,27338,1329,1736.571429
2020-04-12T00:00:00Z,28269,931,1729.857143
2020-04-13T00:00:00Z,30255,1986,1737.571429
2020-04-14T00:00:00Z,33182,2927,1867
2020-04-15T00:00:00Z,35722,2540,1963.571429
2020-04-16T00:00:00Z,38109,2387,2021.857143
2020-04-17T00:00:00Z,41098,2989,2155.285714
2020-04-18T00:00:00Z,42578,1480,2176.857143
2020-04-19T00:00:00Z,43667,1089,2199.571429
2020-04-20T00:00:00Z,46352,2685,2299.428571
2020-04-21T00:00:00Z,48537,2185,2193.571429
2020-04-22T00:00:00Z,51240,2703,2216.857143
2020-04-23T00:00:00Z,53645,2405,2219.571429
2020-04-24T00:00:00Z,55917,2272,2117.428571
2020-04-25T00:00:00Z,57409,1492,2119.142857
2020-04-26T00:00:00Z,58253,844,2084.142857
2020-04-27T00:00:00Z,60381,2128,2004.571429
2020-04-28T00:00:00Z,62484,2103,1992.714286
2020-04-29T00:00:00Z,64669,2185,1918.714286
2020-04-30T00:00:00Z,66716,2047,1867.571429
2020-05-01T00:00:00Z,68797,2081,1840
2020-05-02T00:00:00Z,69826,1029,1773.857143
2020-05-03T00:00:00Z,70559,733,1758
2020-05-04T00:00:00Z,72437,1878,1722.285714
2020-05-05T00:00:00Z,74169,1732,1669.428571
2020-05-06T00:00:00Z,75866,1697,1599.857143
2020-05-07T00:00:00Z,77541,1675,1547
2020-05-08T00:00:00Z,78993,1452,1457.285714
2020-05-09T00:00:00Z,79675,682,1407.714286
2020-05-10T00:00:00Z,80060,385,1358
2020-05-11T00:00:00Z,81363,1303,1276.142857
2020-05-12T00:00:00Z,82813,1450,1235.714286
2020-05-13T00:00:00Z,84124,1311,1180.428571
2020-05-14T00:00:00Z,85438,1314,1128.714286
2020-05-15T00:00:00Z,86541,1103,1079
2020-05-16T00:00:00Z,87186,645,1073.714286
2020-05-17T00:00:00Z,87549,363,1070.571429
2020-05-18T00:00:00Z,88859,1310,1071.428571
2020-05-19T00:00:00Z,89931,1072,1017.571429
2020-05-20T00:00:00Z,90942,1011,974.7142857
2020-05-21T00:00:00Z,91905,963,924.4285714
2020-05-22T00:00:00Z,92767,862,889.7142857
2020-05-23T00:00:00Z,93153,386,852.8571429
2020-05-24T00:00:00Z,93454,301,844
2020-05-25T00:00:00Z,93652,198,685
2020-05-26T00:00:00Z,94516,864,655.1428571
2020-05-27T00:00:00Z,95202,686,608.8571429
2020-05-28T00:00:00Z,95841,639,562.5714286
2020-05-29T00:00:00Z,96371,530,515.1428571
2020-05-30T00:00:00Z,96641,270,498.5714286
2020-05-31T00:00:00Z,96802,161,478.5714286
2020-06-01T00:00:00Z,97310,508,522.8571429
2020-06-02T00:00:00Z,97757,447,463.2857143
2020-06-03T00:00:00Z,98216,459,430.7142857
2020-06-04T00:00:00Z,98594,378,393.4285714
2020-06-05T00:00:00Z,98931,337,365.8571429
2020-06-06T00:00:00Z,99079,148,348.2857143
2020-06-07T00:00:00Z,99230,151,346.8571429
2020-06-08T00:00:00Z,99580,350,324.5714286
2020-06-09T00:00:00Z,99922,342,309.7142857
2020-06-10T00:00:00Z,100181,259,281.1428571
2020-06-11T00:00:00Z,100407,226,259.4285714
2020-06-12T00:00:00Z,100661,254,247.5714286
2020-06-13T00:00:00Z,100757,96,240.2857143
2020-06-14T00:00:00Z,100833,76,229.5714286
2020-06-15T00:00:00Z,101068,235,212.8571429
2020-06-16T00:00:00Z,101266,198,192.1428571
2020-06-17T00:00:00Z,101514,248,190.5714286
2020-06-18T00:00:00Z,101754,240,192.5714286
2020-06-19T00:00:00Z,101929,175,181.2857143
2020-06-20T00:00:00Z,102022,93,180.7142857
2020-06-21T00:00:00Z,102101,79,181.1428571
2020-06-22T00:00:00Z,102325,224,179.5714286
2020-06-23T00:00:00Z,102514,189,178.2857143
2020-06-24T00:00:00Z,102724,210,172.8571429
2020-06-25T00:00:00Z,102930,206,168
2020-06-26T00:00:00Z,103128,198,171.2857143
2020-06-27T00:00:00Z,103262,134,177.1428571
2020-06-28T00:00:00Z,103333,71,176
2020-06-29T00:00:00Z,103538,205,173.2857143
2020-06-30T00:00:00Z,103758,220,177.7142857
2020-07-01T00:00:00Z,103974,216,178.5714286
2020-07-02T00:00:00Z,104200,226,181.4285714
2020-07-03T00:00:00Z,104299,99,167.2857143
2020-07-04T00:00:00Z,104359,60,156.7142857
2020-07-05T00:00:00Z,104460,101,161
2020-07-06T00:00:00Z,104697,237,165.5714286
2020-07-07T00:00:00Z,104938,241,168.5714286
2020-07-08T00:00:00Z,105154,216,168.5714286
2020-07-09T00:00:00Z,105408,254,172.5714286
2020-07-10T00:00:00Z,105636,228,191
2020-07-11T00:00:00Z,105753,117,199.1428571
2020-07-12T00:00:00Z,105840,87,197.1428571
2020-07-13T00:00:00Z,106106,266,201.2857143
2020-07-14T00:00:00Z,106338,232,200
2020-07-15T00:00:00Z,106636,298,211.7142857
2020-07-16T00:00:00Z,106881,245,210.2857143
2020-07-17T00:00:00Z,107108,227,210.1428571
2020-07-18T00:00:00Z,107236,128,211.7142857
2020-07-19T00:00:00Z,107310,74,209.8571429
2020-07-20T00:00:00Z,107589,279,211.7142857
2020-07-21T00:00:00Z,107844,255,215
2020-07-22T00:00:00Z,108102,258,209.2857143
2020-07-23T00:00:00Z,108360,258,211.2857143
2020-07-24T00:00:00Z,108617,257,215.5714286
2020-07-25T00:00:00Z,108776,159,220
2020-07-26T00:00:00Z,108876,100,223.8571429
2020-07-27T00:00:00Z,109237,361,235.5714286
2020-07-28T00:00:00Z,109557,320,244.8571429
2020-07-29T00:00:00Z,109876,319,253.5714286
2020-07-30T00:00:00Z,110212,336,264.7142857
2020-07-31T00:00:00Z,110531,319,273.5714286
2020-08-01T00:00:00Z,110679,148,271.8571429
2020-08-02T00:00:00Z,110788,109,273
2020-08-03T00:00:00Z,111146,358,272.5714286
2020-08-04T00:00:00Z,111453,307,270.8571429
2020-08-05T00:00:00Z,111786,333,272.8571429
2020-08-06T00:00:00Z,112140,354,275.4285714
2020-08-07T00:00:00Z,112439,299,272.5714286
2020-08-08T00:00:00Z,112608,169,275.7142857
2020-08-09T00:00:00Z,112693,85,272.2857143
2020-08-10T00:00:00Z,113065,372,274.5714286
2020-08-11T00:00:00Z,113349,284,271.1428571
2020-08-12T00:00:00Z,113653,304,267
2020-08-13T00:00:00Z,114002,349,266.2857143
2020-08-14T00:00:00Z,114345,343,272.4285714
2020-08-15T00:00:00Z,114496,151,269.8571429
2020-08-16T00:00:00Z,114616,120,274.8571429
2020-08-17T00:00:00Z,114985,369,274.1428571
2020-08-18T00:00:00Z,115366,381,288
2020-08-19T00:00:00Z,115702,336,292.7142857
2020-08-20T00:00:00Z,116059,357,293.7142857
2020-08-21T00:00:00Z,116342,283,285.2857143
2020-08-22T00:00:00Z,116490,148,284.8571429
2020-08-23T00:00:00Z,116582,92,280.8571429
2020-08-24T00:00:00Z,116977,395,284.7142857
2020-08-25T00:00:00Z,117356,379,284.4285714
2020-08-26T00:00:00Z,117736,380,290.4285714
2020-08-27T00:00:00Z,118080,344,288.7142857
2020-08-28T00:00:00Z,118443,363,300.1428571
2020-08-29T00:00:00Z,118615,172,303.5714286
2020-08-30T00:00:00Z,118754,139,310.2857143
2020-08-31T00:00:00Z,119193,439,316.2857143
2020-09-01T00:00:00Z,119589,396,318.5714286
2020-09-02T00:00:00Z,119973,384,319.2857143
2020-09-03T00:00:00Z,120437,464,336.4285714
2020-09-04T00:00:00Z,120783,346,334.2857143
2020-09-05T00:00:00Z,120981,198,338
2020-09-06T00:00:00Z,121094,113,334.1428571
2020-09-07T00:00:00Z,121255,161,294.5714286
2020-09-08T00:00:00Z,121801,546,316.2857143
2020-09-09T00:00:00Z,122276,475,329.1428571
2020-09-10T00:00:00Z,122688,412,321.2857143
2020-09-11T00:00:00Z,123097,409,330
2020-09-12T00:00:00Z,123286,189,328.7142857
2020-09-13T00:00:00Z,123447,161,335.7142857
2020-09-14T00:00:00Z,123950,503,384.5714286
2020-09-15T00:00:00Z,124374,424,367
2020-09-16T00:00:00Z,124787,413,358.2857143
2020-09-17T00:00:00Z,125141,354,350.5714286
2020-09-18T00:00:00Z,125577,436,354.4285714
2020-09-19T00:00:00Z,125779,202,356.2857143
2020-09-20T00:00:00Z,125920,141,353.4285714
2020-09-21T00:00:00Z,126347,427,342.5714286
2020-09-22T00:00:00Z,126855,508,354.5714286
2020-09-23T00:00:00Z,127415,560,375.5714286
2020-09-24T00:00:00Z,128012,597,410.1428571
2020-09-25T00:00:00Z,128565,553,426.8571429
2020-09-26T00:00:00Z,128928,363,450
2020-09-27T00:00:00Z,129153,225,461.8571429
2020-09-28T00:00:00Z,130020,867,524.7142857
2020-09-29T00:00:00Z,130740,720,555
2020-09-30T00:00:00Z,131353,613,562.5714286
2020-10-01T00:00:00Z,132037,684,574.8571429
2020-10-02T00:00:00Z,132602,565,576.5714286
2020-10-03T00:00:00Z,133010,408,582.8571429
2020-10-04T00:00:00Z,133302,292,592.5714286
2020-10-05T00:00:00Z,134052,750,575.8571429
2020-10-06T00:00:00Z,134788,736,577.8571429
2020-10-07T00:00:00Z,135510,722,593.2857143
2020-10-08T00:00:00Z,136345,835,614.8571429
2020-10-09T00:00:00Z,137033,688,632.5714286
2020-10-10T00:00:00Z,137445,412,633.2857143
2020-10-11T00:00:00Z,137709,264,629.2857143
2020-10-12T00:00:00Z,138304,595,606.8571429
2020-10-13T00:00:00Z,139089,785,614.2857143
2020-10-14T00:00:00Z,139986,897,639.7142857
2020-10-15T00:00:00Z,140936,950,656.2857143
2020-10-16T00:00:00Z,141802,866,681.5714286
2020-10-17T00:00:00Z,142345,543,700.2857143
2020-10-18T00:00:00Z,142676,331,709.8571429
2020-10-19T00:00:00Z,143754,1078,779.2857143
2020-10-20T00:00:00Z,144873,1119,826.8571429
2020-10-21T00:00:00Z,146074,1201,869.8571429
2020-10-22T00:00:00Z,147450,1376,930.7142857
2020-10-23T00:00:00Z,148673,1223,981.8571429
2020-10-24T00:00:00Z,149462,789,1016.857143
2020-10-25T00:00:00Z,149945,483,1038.714286
2020-10-26T00:00:00Z,151467,1522,1102.428571
2020-10-27T00:00:00Z,152811,1344,1134.714286
2020-10-28T00:00:00Z,154249,1438,1169
2020-10-29T00:00:00Z,155634,1385,1170.285714
2020-10-30T00:00:00Z,156757,1123,1156.142857
2020-10-31T00:00:00Z,157627,870,1167.857143
2020-11-01T00:00:00Z,158149,522,1173.285714
2020-11-02T00:00:00Z,159984,1835,1218
2020-11-03T00:00:00Z,161889,1905,1298
2020-11-04T00:00:00Z,164062,2173,1402.857143
2020-11-05T00:00:00Z,166477,2415,1550.142857
2020-11-06T00:00:00Z,168716,2239,1709
2020-11-07T00:00:00Z,170044,1328,1774
2020-11-08T00:00:00Z,170987,943,1834.142857
2020-11-09T00:00:00Z,174160,3173,2025.428571
2020-11-10T00:00:00Z,176982,2822,2156.285714
2020-11-11T00:00:00Z,179644,2662,2225.714286
2020-11-12T00:00:00Z,182626,2982,2307
2020-11-13T00:00:00Z,185231,2605,2359.714286
2020-11-14T00:00:00Z,186942,1711,2414.571429
2020-11-15T00:00:00Z,188133,1191,2450.142857
2020-11-16T00:00:00Z,191659,3526,2499.857143
2020-11-17T00:00:00Z,194794,3135,2544.714286
2020-11-18T00:00:00Z,197715,2921,2582.428571
2020-11-19T00:00:00Z,200713,2998,2584.571429
2020-11-20T00:00:00Z,203561,2848,2619.142857
2020-11-21T00:00:00Z,205325,1764,2627.428571
2020-11-22T00:00:00Z,206519,1194,2627.285714
2020-11-23T00:00:00Z,210108,3589,2636.714286
2020-11-24T00:00:00Z,213898,3790,2729.714286
2020-11-25T00:00:00Z,216841,2943,2732
2020-11-26T00:00:00Z,217286,445,2367
2020-11-27T00:00:00Z,220666,3380,2443.285714
2020-11-28T00:00:00Z,223574,2908,2605.714286
2020-11-29T00:00:00Z,225336,1762,2686.714286
2020-11-30T00:00:00Z,230841,5505,2959.571429
2020-12-01T00:00:00Z,236704,5863,3255.285714
2020-12-02T00:00:00Z,242795,6091,3703
2020-12-03T00:00:00Z,248609,5814,4462.142857
2020-12-04T00:00:00Z,253914,5305,4732.857143
2020-12-05T00:00:00Z,256101,2187,4629.142857
2020-12-06T00:00:00Z,258200,2099,4678.142857
2020-12-07T00:00:00Z,264412,6212,4778.428571
2020-12-08T00:00:00Z,269814,5402,4712.142857
2020-12-09T00:00:00Z,275235,5421,4615.428571
2020-12-10T00:00:00Z,280698,5463,4571.857143
2020-12-11T00:00:00Z,285639,4941,4523
2020-12-12T00:00:00Z,288503,2864,4621.571429
2020-12-13T00:00:00Z,290705,2202,4635.142857
2020-12-14T00:00:00Z,296977,6272,4642.142857
2020-12-15T00:00:00Z,302974,5997,4727.714286
2020-12-16T00:00:00Z,308622,5648,4760.428571
2020-12-17T00:00:00Z,310197,1575,4204.142857
2020-12-18T00:00:00Z,315881,5684,4304.428571
2020-12-19T00:00:00Z,319532,3651,4410.857143
2020-12-20T00:00:00Z,321866,2334,4423.142857
2020-12-21T00:00:00Z,328345,6479,4441.142857
2020-12-22T00:00:00Z,334287,5942,4404.285714
2020-12-23T00:00:00Z,338759,4472,4166.714286
2020-12-24T00:00:00Z,341408,2649,4235.428571
2020-12-25T00:00:00Z,341886,478,3485.142857
2020-12-26T00:00:00Z,346076,4190,3335.857143
2020-12-27T00:00:00Z,348743,2667,3034.857143
2020-12-28T00:00:00Z,357135,8392,2635
2020-12-29T00:00:00Z,364317,7182,4290
2020-12-30T00:00:00Z,370033,5716,4467.714285714285
2020-12-31T00:00:00Z,374202,4169,4684.857142857143
2021-01-01T00:00:00Z,375558,1356,4810.285714285715
2021-01-02T00:00:00Z,380242,4684,4880.857142857143
2021-01-03T00:00:00Z,383230,2988,4926.714285714285
2021-01-04T00:00:00Z,392278,9048,5020.428571428572
2021-01-05T00:00:00Z,399992,7714,5096.428571428572
2021-01-06T00:00:00Z,407049,7057,5288
2021-01-07T00:00:00Z,413508,6459,5615.142857142857
2021-01-08T00:00:00Z,419249,5741,6241.571428571428
2021-01-09T00:00:00Z,422845,3596,6086.142857142857
2021-01-10T00:00:00Z,425223,2378,5999
2021-01-11T00:00:00Z,431699,6476,5631.571428571428
2021-01-12T00:00:00Z,437241,5542,5321.285714285715
2021-01-13T00:00:00Z,442139,4898,5012.857142857143
2021-01-14T00:00:00Z,447141,5002,4804.714285714285
2021-01-15T00:00:00Z,451543,4402,4613.428571428572
2021-01-16T00:00:00Z,454212,2669,4481
2021-01-17T00:00:00Z,456204,1992,4425.857142857143
2021-01-18T00:00:00Z,460526,4322,4118.142857142857
2021-01-19T00:00:00Z,465913,5387,4096
2021-01-20T00:00:00Z,470352,4439,4030.4285714285716
2021-01-21T00:00:00Z,474693,4341,3936
2021-01-22T00:00:00Z,478642,3949,3871.285714285714
2021-01-23T00:00:00Z,481083,2441,3838.714285714286
2021-01-24T00:00:00Z,482682,1599,3782.5714285714284
2021-01-25T00:00:00Z,487190,4508,3809.1428571428573
2021-01-26T00:00:00Z,491089,3899,3596.5714285714284
2021-01-27T00:00:00Z,494273,3184,3417.285714285714
2021-01-28T00:00:00Z,497480,3207,3255.285714285714
2021-01-29T00:00:00Z,500194,2714,3078.8571428571427
2021-01-30T00:00:00Z,501940,1746,2979.5714285714284
2021-01-31T00:00:00Z,503307,1367,2946.4285714285716
2021-02-01T00:00:00Z,506076,2769,2698
2021-02-02T00:00:00Z,508483,2407,2484.8571428571427
2021-02-03T00:00:00Z,511821,3338,2506.8571428571427
2021-02-04T00:00:00Z,514781,2960,2471.5714285714284
2021-02-05T00:00:00Z,517282,2501,2441.1428571428573
2021-02-06T00:00:00Z,518769,1487,2404.1428571428573
2021-02-07T00:00:00Z,519586,817,2325.5714285714284
2021-02-08T00:00:00Z,522228,2642,2307.4285714285716
2021-02-09T00:00:00Z,524162,1934,2239.8571428571427
2021-02-10T00:00:00Z,526417,2255,2085.1428571428573
2021-02-11T00:00:00Z,528506,2089,1960.7142857142858
2021-02-12T00:00:00Z,530196,1690,1844.857142857143
2021-02-13T00:00:00Z,531303,1107,1790.5714285714287
2021-02-14T00:00:00Z,532108,805,1788.857142857143
2021-02-15T00:00:00Z,533740,1632,1644.5714285714287
2021-02-16T00:00:00Z,535652,1912,1641.4285714285713
2021-02-17T00:00:00Z,537515,1863,1585.4285714285713
2021-02-18T00:00:00Z,539198,1683,1527.4285714285713
2021-02-19T00:00:00Z,540634,1436,1491.142857142857
2021-02-20T00:00:00Z,541668,1034,1480.7142857142858
2021-02-21T00:00:00Z,542588,920,1497.142857142857
2021-02-22T00:00:00Z,544672,2084,1561.7142857142858
2021-02-23T00:00:00Z,546299,1627,1521
2021-02-24T00:00:00Z,547294,995,1397
2021-02-25T00:00:00Z,547358,64,1165.7142857142858
