Date,Positive Total,Positive New,7-day confirmed case average
2020-01-29T00:00:00Z,1,1,NA
2020-01-30T00:00:00Z,1,0,NA
2020-01-31T00:00:00Z,1,0,NA
2020-02-01T00:00:00Z,1,0,NA
2020-02-02T00:00:00Z,1,0,NA
2020-02-03T00:00:00Z,1,0,NA
2020-02-04T00:00:00Z,1,0,0.142857143
2020-02-05T00:00:00Z,1,0,0
2020-02-06T00:00:00Z,2,1,0.142857143
2020-02-07T00:00:00Z,2,0,0.142857143
2020-02-08T00:00:00Z,2,0,0.142857143
2020-02-09T00:00:00Z,2,0,0.142857143
2020-02-10T00:00:00Z,2,0,0.142857143
2020-02-11T00:00:00Z,2,0,0.142857143
2020-02-12T00:00:00Z,2,0,0.142857143
2020-02-13T00:00:00Z,2,0,0
2020-02-14T00:00:00Z,2,0,0
2020-02-15T00:00:00Z,2,0,0
2020-02-16T00:00:00Z,2,0,0
2020-02-17T00:00:00Z,2,0,0
2020-02-18T00:00:00Z,2,0,0
2020-02-19T00:00:00Z,2,0,0
2020-02-20T00:00:00Z,2,0,0
2020-02-21T00:00:00Z,2,0,0
2020-02-22T00:00:00Z,2,0,0
2020-02-23T00:00:00Z,2,0,0
2020-02-24T00:00:00Z,2,0,0
2020-02-25T00:00:00Z,2,0,0
2020-02-26T00:00:00Z,2,0,0
2020-02-27T00:00:00Z,2,0,0
2020-02-28T00:00:00Z,2,0,0
2020-02-29T00:00:00Z,2,0,0
2020-03-01T00:00:00Z,3,1,0.142857143
2020-03-02T00:00:00Z,3,0,0.142857143
2020-03-03T00:00:00Z,4,1,0.285714286
2020-03-04T00:00:00Z,6,2,0.571428571
2020-03-05T00:00:00Z,14,8,1.714285714
2020-03-06T00:00:00Z,28,14,3.714285714
2020-03-07T00:00:00Z,72,44,10
2020-03-08T00:00:00Z,91,19,12.57142857
2020-03-09T00:00:00Z,96,5,13.28571429
2020-03-10T00:00:00Z,110,14,15.14285714
2020-03-11T00:00:00Z,132,22,18
2020-03-12T00:00:00Z,161,29,21
2020-03-13T00:00:00Z,222,61,27.71428571
2020-03-14T00:00:00Z,295,73,31.85714286
2020-03-15T00:00:00Z,363,68,38.85714286
2020-03-16T00:00:00Z,513,150,59.57142857
2020-03-17T00:00:00Z,762,249,93.14285714
2020-03-18T00:00:00Z,1021,259,127
2020-03-19T00:00:00Z,1299,278,162.5714286
2020-03-20T00:00:00Z,1687,388,209.2857143
2020-03-21T00:00:00Z,2009,322,244.8571429
2020-03-22T00:00:00Z,2295,286,276
2020-03-23T00:00:00Z,2904,609,341.5714286
2020-03-24T00:00:00Z,3622,718,408.5714286
2020-03-25T00:00:00Z,4369,747,478.1428571
2020-03-26T00:00:00Z,5304,935,572
2020-03-27T00:00:00Z,6247,943,651.2857143
2020-03-28T00:00:00Z,6901,654,698.7142857
2020-03-29T00:00:00Z,7424,523,732.5714286
2020-03-30T00:00:00Z,8662,1238,822.4285714
2020-03-31T00:00:00Z,9928,1266,900.7142857
2020-04-01T00:00:00Z,11266,1338,985.2857143
2020-04-02T00:00:00Z,12541,1275,1033.857143
2020-04-03T00:00:00Z,14020,1479,1110.571429
2020-04-04T00:00:00Z,15182,1162,1183.142857
2020-04-05T00:00:00Z,16159,977,1248
2020-04-06T00:00:00Z,18091,1932,1347.142857
2020-04-07T00:00:00Z,20112,2021,1455
2020-04-08T00:00:00Z,21976,1864,1530.142857
2020-04-09T00:00:00Z,23954,1978,1630.571429
2020-04-10T00:00:00Z,26009,2055,1712.714286
2020-04-11T00:00:00Z,27338,1329,1736.571429
2020-04-12T00:00:00Z,28269,931,1729.857143
2020-04-13T00:00:00Z,30255,1986,1737.571429
2020-04-14T00:00:00Z,33182,2927,1867
2020-04-15T00:00:00Z,35722,2540,1963.571429
2020-04-16T00:00:00Z,38109,2387,2021.857143
2020-04-17T00:00:00Z,41098,2989,2155.285714
2020-04-18T00:00:00Z,42578,1480,2176.857143
2020-04-19T00:00:00Z,43667,1089,2199.571429
2020-04-20T00:00:00Z,46352,2685,2299.428571
2020-04-21T00:00:00Z,48537,2185,2193.571429
2020-04-22T00:00:00Z,51240,2703,2216.857143
2020-04-23T00:00:00Z,53645,2405,2219.571429
2020-04-24T00:00:00Z,55918,2273,2117.428571
2020-04-25T00:00:00Z,57410,1492,2119.142857
2020-04-26T00:00:00Z,58254,844,2084.142857
2020-04-27T00:00:00Z,60382,2128,2004.571429
2020-04-28T00:00:00Z,62485,2103,1992.714286
2020-04-29T00:00:00Z,64670,2185,1918.714286
2020-04-30T00:00:00Z,66717,2047,1867.571429
2020-05-01T00:00:00Z,68798,2081,1840
2020-05-02T00:00:00Z,69827,1029,1773.857143
2020-05-03T00:00:00Z,70560,733,1758
2020-05-04T00:00:00Z,72438,1878,1722.285714
2020-05-05T00:00:00Z,74170,1732,1669.428571
2020-05-06T00:00:00Z,75867,1697,1599.857143
2020-05-07T00:00:00Z,77543,1676,1547
2020-05-08T00:00:00Z,78995,1452,1457.285714
2020-05-09T00:00:00Z,79677,682,1407.714286
2020-05-10T00:00:00Z,80062,385,1358
2020-05-11T00:00:00Z,81365,1303,1276.142857
2020-05-12T00:00:00Z,82815,1450,1235.714286
2020-05-13T00:00:00Z,84126,1311,1180.428571
2020-05-14T00:00:00Z,85440,1314,1128.714286
2020-05-15T00:00:00Z,86543,1103,1079
2020-05-16T00:00:00Z,87188,645,1073.714286
2020-05-17T00:00:00Z,87551,363,1070.571429
2020-05-18T00:00:00Z,88861,1310,1071.428571
2020-05-19T00:00:00Z,89933,1072,1017.571429
2020-05-20T00:00:00Z,90944,1011,974.7142857
2020-05-21T00:00:00Z,91907,963,924.4285714
2020-05-22T00:00:00Z,92769,862,889.7142857
2020-05-23T00:00:00Z,93155,386,852.8571429
2020-05-24T00:00:00Z,93456,301,844
2020-05-25T00:00:00Z,93654,198,685
2020-05-26T00:00:00Z,94518,864,655.1428571
2020-05-27T00:00:00Z,95204,686,608.8571429
2020-05-28T00:00:00Z,95843,639,562.5714286
2020-05-29T00:00:00Z,96373,530,515.1428571
2020-05-30T00:00:00Z,96643,270,498.5714286
2020-05-31T00:00:00Z,96804,161,478.5714286
2020-06-01T00:00:00Z,97312,508,522.8571429
2020-06-02T00:00:00Z,97759,447,463.2857143
2020-06-03T00:00:00Z,98218,459,430.7142857
2020-06-04T00:00:00Z,98596,378,393.4285714
2020-06-05T00:00:00Z,98933,337,365.8571429
2020-06-06T00:00:00Z,99081,148,348.2857143
2020-06-07T00:00:00Z,99232,151,346.8571429
2020-06-08T00:00:00Z,99582,350,324.5714286
2020-06-09T00:00:00Z,99924,342,309.7142857
2020-06-10T00:00:00Z,100183,259,281.1428571
2020-06-11T00:00:00Z,100409,226,259.4285714
2020-06-12T00:00:00Z,100663,254,247.5714286
2020-06-13T00:00:00Z,100759,96,240.2857143
2020-06-14T00:00:00Z,100835,76,229.5714286
2020-06-15T00:00:00Z,101070,235,212.8571429
2020-06-16T00:00:00Z,101268,198,192.1428571
2020-06-17T00:00:00Z,101516,248,190.5714286
2020-06-18T00:00:00Z,101756,240,192.5714286
2020-06-19T00:00:00Z,101931,175,181.2857143
2020-06-20T00:00:00Z,102024,93,180.7142857
2020-06-21T00:00:00Z,102103,79,181.1428571
2020-06-22T00:00:00Z,102327,224,179.5714286
2020-06-23T00:00:00Z,102516,189,178.2857143
2020-06-24T00:00:00Z,102726,210,172.8571429
2020-06-25T00:00:00Z,102932,206,168
2020-06-26T00:00:00Z,103130,198,171.2857143
2020-06-27T00:00:00Z,103264,134,177.1428571
2020-06-28T00:00:00Z,103335,71,176
2020-06-29T00:00:00Z,103540,205,173.2857143
2020-06-30T00:00:00Z,103760,220,177.7142857
2020-07-01T00:00:00Z,103976,216,178.5714286
2020-07-02T00:00:00Z,104202,226,181.4285714
2020-07-03T00:00:00Z,104301,99,167.2857143
2020-07-04T00:00:00Z,104361,60,156.7142857
2020-07-05T00:00:00Z,104462,101,161
2020-07-06T00:00:00Z,104699,237,165.5714286
2020-07-07T00:00:00Z,104940,241,168.5714286
2020-07-08T00:00:00Z,105156,216,168.5714286
2020-07-09T00:00:00Z,105410,254,172.5714286
2020-07-10T00:00:00Z,105638,228,191
2020-07-11T00:00:00Z,105755,117,199.1428571
2020-07-12T00:00:00Z,105842,87,197.1428571
2020-07-13T00:00:00Z,106108,266,201.2857143
2020-07-14T00:00:00Z,106340,232,200
2020-07-15T00:00:00Z,106638,298,211.7142857
2020-07-16T00:00:00Z,106883,245,210.2857143
2020-07-17T00:00:00Z,107110,227,210.1428571
2020-07-18T00:00:00Z,107238,128,211.7142857
2020-07-19T00:00:00Z,107312,74,209.8571429
2020-07-20T00:00:00Z,107591,279,211.7142857
2020-07-21T00:00:00Z,107846,255,215
2020-07-22T00:00:00Z,108104,258,209.2857143
2020-07-23T00:00:00Z,108362,258,211.2857143
2020-07-24T00:00:00Z,108619,257,215.5714286
2020-07-25T00:00:00Z,108778,159,220
2020-07-26T00:00:00Z,108878,100,223.8571429
2020-07-27T00:00:00Z,109239,361,235.5714286
2020-07-28T00:00:00Z,109559,320,244.8571429
2020-07-29T00:00:00Z,109878,319,253.5714286
2020-07-30T00:00:00Z,110214,336,264.7142857
2020-07-31T00:00:00Z,110533,319,273.5714286
2020-08-01T00:00:00Z,110680,147,271.8571429
2020-08-02T00:00:00Z,110789,109,273
2020-08-03T00:00:00Z,111147,358,272.5714286
2020-08-04T00:00:00Z,111455,308,270.8571429
2020-08-05T00:00:00Z,111788,333,272.8571429
2020-08-06T00:00:00Z,112142,354,275.4285714
2020-08-07T00:00:00Z,112441,299,272.5714286
2020-08-08T00:00:00Z,112610,169,275.7142857
2020-08-09T00:00:00Z,112695,85,272.2857143
2020-08-10T00:00:00Z,113068,373,274.5714286
2020-08-11T00:00:00Z,113352,284,271.1428571
2020-08-12T00:00:00Z,113656,304,267
2020-08-13T00:00:00Z,114005,349,266.2857143
2020-08-14T00:00:00Z,114348,343,272.4285714
2020-08-15T00:00:00Z,114499,151,269.8571429
2020-08-16T00:00:00Z,114619,120,274.8571429
2020-08-17T00:00:00Z,114988,369,274.1428571
2020-08-18T00:00:00Z,115369,381,288
2020-08-19T00:00:00Z,115705,336,292.7142857
2020-08-20T00:00:00Z,116062,357,293.7142857
2020-08-21T00:00:00Z,116345,283,285.2857143
2020-08-22T00:00:00Z,116493,148,284.8571429
2020-08-23T00:00:00Z,116585,92,280.8571429
2020-08-24T00:00:00Z,116980,395,284.7142857
2020-08-25T00:00:00Z,117359,379,284.4285714
2020-08-26T00:00:00Z,117739,380,290.4285714
2020-08-27T00:00:00Z,118083,344,288.7142857
2020-08-28T00:00:00Z,118446,363,300.1428571
2020-08-29T00:00:00Z,118618,172,303.5714286
2020-08-30T00:00:00Z,118757,139,310.2857143
2020-08-31T00:00:00Z,119196,439,316.2857143
2020-09-01T00:00:00Z,119592,396,318.5714286
2020-09-02T00:00:00Z,119976,384,319.2857143
2020-09-03T00:00:00Z,120440,464,336.4285714
2020-09-04T00:00:00Z,120786,346,334.2857143
2020-09-05T00:00:00Z,120984,198,338
2020-09-06T00:00:00Z,121097,113,334.1428571
2020-09-07T00:00:00Z,121258,161,294.5714286
2020-09-08T00:00:00Z,121804,546,316.2857143
2020-09-09T00:00:00Z,122279,475,329.1428571
2020-09-10T00:00:00Z,122691,412,321.2857143
2020-09-11T00:00:00Z,123100,409,330
2020-09-12T00:00:00Z,123289,189,328.7142857
2020-09-13T00:00:00Z,123450,161,335.7142857
2020-09-14T00:00:00Z,123953,503,384.5714286
2020-09-15T00:00:00Z,124377,424,367
2020-09-16T00:00:00Z,124790,413,358.2857143
2020-09-17T00:00:00Z,125144,354,350.5714286
2020-09-18T00:00:00Z,125580,436,354.4285714
2020-09-19T00:00:00Z,125782,202,356.2857143
2020-09-20T00:00:00Z,125923,141,353.4285714
2020-09-21T00:00:00Z,126350,427,342.5714286
2020-09-22T00:00:00Z,126858,508,354.5714286
2020-09-23T00:00:00Z,127418,560,375.5714286
2020-09-24T00:00:00Z,128015,597,410.1428571
2020-09-25T00:00:00Z,128568,553,426.8571429
2020-09-26T00:00:00Z,128931,363,450
2020-09-27T00:00:00Z,129156,225,461.8571429
2020-09-28T00:00:00Z,130023,867,524.7142857
2020-09-29T00:00:00Z,130743,720,555
2020-09-30T00:00:00Z,131356,613,562.5714286
2020-10-01T00:00:00Z,132040,684,574.8571429
2020-10-02T00:00:00Z,132605,565,576.5714286
2020-10-03T00:00:00Z,133013,408,582.8571429
2020-10-04T00:00:00Z,133305,292,592.5714286
2020-10-05T00:00:00Z,134055,750,575.8571429
2020-10-06T00:00:00Z,134791,736,577.8571429
2020-10-07T00:00:00Z,135513,722,593.2857143
2020-10-08T00:00:00Z,136348,835,614.8571429
2020-10-09T00:00:00Z,137036,688,632.5714286
2020-10-10T00:00:00Z,137448,412,633.2857143
2020-10-11T00:00:00Z,137712,264,629.2857143
2020-10-12T00:00:00Z,138307,595,606.8571429
2020-10-13T00:00:00Z,139092,785,614.2857143
2020-10-14T00:00:00Z,139989,897,639.7142857
2020-10-15T00:00:00Z,140939,950,656.2857143
2020-10-16T00:00:00Z,141805,866,681.5714286
2020-10-17T00:00:00Z,142348,543,700.2857143
2020-10-18T00:00:00Z,142679,331,709.8571429
2020-10-19T00:00:00Z,143757,1078,779.2857143
2020-10-20T00:00:00Z,144876,1119,826.8571429
2020-10-21T00:00:00Z,146077,1201,869.8571429
2020-10-22T00:00:00Z,147453,1376,930.7142857
2020-10-23T00:00:00Z,148676,1223,981.8571429
2020-10-24T00:00:00Z,149465,789,1016.857143
2020-10-25T00:00:00Z,149948,483,1038.714286
2020-10-26T00:00:00Z,151470,1522,1102.428571
2020-10-27T00:00:00Z,152814,1344,1134.714286
2020-10-28T00:00:00Z,154252,1438,1169
2020-10-29T00:00:00Z,155637,1385,1170.285714
2020-10-30T00:00:00Z,156760,1123,1156.142857
2020-10-31T00:00:00Z,157630,870,1167.857143
2020-11-01T00:00:00Z,158152,522,1173.285714
2020-11-02T00:00:00Z,159988,1836,1218
2020-11-03T00:00:00Z,161893,1905,1298
2020-11-04T00:00:00Z,164066,2173,1402.857143
2020-11-05T00:00:00Z,166482,2416,1550.142857
2020-11-06T00:00:00Z,168721,2239,1709
2020-11-07T00:00:00Z,170049,1328,1774
2020-11-08T00:00:00Z,170992,943,1834.142857
2020-11-09T00:00:00Z,174165,3173,2025.428571
2020-11-10T00:00:00Z,176987,2822,2156.285714
2020-11-11T00:00:00Z,179649,2662,2225.714286
2020-11-12T00:00:00Z,182631,2982,2307
2020-11-13T00:00:00Z,185236,2605,2359.714286
2020-11-14T00:00:00Z,186947,1711,2414.571429
2020-11-15T00:00:00Z,188138,1191,2450.142857
2020-11-16T00:00:00Z,191664,3526,2499.857143
2020-11-17T00:00:00Z,194799,3135,2544.714286
2020-11-18T00:00:00Z,197720,2921,2582.428571
2020-11-19T00:00:00Z,200718,2998,2584.571429
2020-11-20T00:00:00Z,203566,2848,2619.142857
2020-11-21T00:00:00Z,205330,1764,2627.428571
2020-11-22T00:00:00Z,206524,1194,2627.285714
2020-11-23T00:00:00Z,210113,3589,2636.714286
2020-11-24T00:00:00Z,213903,3790,2729.714286
2020-11-25T00:00:00Z,216846,2943,2732
2020-11-26T00:00:00Z,217291,445,2367
2020-11-27T00:00:00Z,220671,3380,2443.285714
2020-11-28T00:00:00Z,223579,2908,2605.714286
2020-11-29T00:00:00Z,225341,1762,2686.714286
2020-11-30T00:00:00Z,230846,5505,2959.571429
2020-12-01T00:00:00Z,236709,5863,3255.285714
2020-12-02T00:00:00Z,242800,6091,3703
2020-12-03T00:00:00Z,248614,5814,4462.142857
2020-12-04T00:00:00Z,253919,5305,4732.857143
2020-12-05T00:00:00Z,256106,2187,4629.142857
2020-12-06T00:00:00Z,258205,2099,4678.142857
2020-12-07T00:00:00Z,264418,6213,4778.428571
2020-12-08T00:00:00Z,269821,5403,4712.142857
2020-12-09T00:00:00Z,275242,5421,4615.428571
2020-12-10T00:00:00Z,280705,5463,4571.857143
2020-12-11T00:00:00Z,285646,4941,4523
2020-12-12T00:00:00Z,288510,2864,4621.571429
2020-12-13T00:00:00Z,290712,2202,4635.142857
2020-12-14T00:00:00Z,296984,6272,4642.142857
2020-12-15T00:00:00Z,302981,5997,4727.714286
2020-12-16T00:00:00Z,308629,5648,4760.428571
2020-12-17T00:00:00Z,310204,1575,4204.142857
2020-12-18T00:00:00Z,315888,5684,4304.428571
2020-12-19T00:00:00Z,319539,3651,4410.857143
2020-12-20T00:00:00Z,321873,2334,4423.142857
2020-12-21T00:00:00Z,328352,6479,4441.142857
2020-12-22T00:00:00Z,334294,5942,4404.285714
2020-12-23T00:00:00Z,338766,4472,4166.714286
2020-12-24T00:00:00Z,341415,2649,4235.428571
2020-12-25T00:00:00Z,341893,478,3485.142857
2020-12-26T00:00:00Z,346083,4190,3335.857143
2020-12-27T00:00:00Z,348750,2667,3034.857143
2020-12-28T00:00:00Z,357142,8392,2635
2020-12-29T00:00:00Z,364324,7182,4290
2020-12-30T00:00:00Z,370040,5716,4467.714285714285
2020-12-31T00:00:00Z,374209,4169,4684.857142857143
2021-01-01T00:00:00Z,375565,1356,4810.285714285715
2021-01-02T00:00:00Z,380249,4684,4880.857142857143
2021-01-03T00:00:00Z,383237,2988,4926.714285714285
2021-01-04T00:00:00Z,392285,9048,5020.428571428572
2021-01-05T00:00:00Z,399999,7714,5096.428571428572
2021-01-06T00:00:00Z,407056,7057,5288
2021-01-07T00:00:00Z,413515,6459,5615.142857142857
2021-01-08T00:00:00Z,419256,5741,6241.571428571428
2021-01-09T00:00:00Z,422852,3596,6086.142857142857
2021-01-10T00:00:00Z,425230,2378,5999
2021-01-11T00:00:00Z,431706,6476,5631.571428571428
2021-01-12T00:00:00Z,437248,5542,5321.285714285715
2021-01-13T00:00:00Z,442146,4898,5012.857142857143
2021-01-14T00:00:00Z,447148,5002,4804.714285714285
2021-01-15T00:00:00Z,451550,4402,4613.428571428572
2021-01-16T00:00:00Z,454219,2669,4481
2021-01-17T00:00:00Z,456211,1992,4425.857142857143
2021-01-18T00:00:00Z,460534,4323,4118.285714285715
2021-01-19T00:00:00Z,465921,5387,4096.142857142857
2021-01-20T00:00:00Z,470360,4439,4030.5714285714284
2021-01-21T00:00:00Z,474700,4340,3936
2021-01-22T00:00:00Z,478649,3949,3871.285714285714
2021-01-23T00:00:00Z,481090,2441,3838.714285714286
2021-01-24T00:00:00Z,482689,1599,3782.5714285714284
2021-01-25T00:00:00Z,487197,4508,3809
2021-01-26T00:00:00Z,491096,3899,3596.4285714285716
2021-01-27T00:00:00Z,494282,3186,3417.4285714285716
2021-01-28T00:00:00Z,497486,3204,3255.1428571428573
2021-01-29T00:00:00Z,500201,2715,3078.8571428571427
2021-01-30T00:00:00Z,501946,1745,2979.4285714285716
2021-01-31T00:00:00Z,503313,1367,2946.285714285714
2021-02-01T00:00:00Z,506081,2768,2697.714285714286
2021-02-02T00:00:00Z,508488,2407,2484.5714285714284
2021-02-03T00:00:00Z,511826,3338,2506.285714285714
2021-02-04T00:00:00Z,514785,2959,2471.285714285714
2021-02-05T00:00:00Z,517287,2502,2440.8571428571427
2021-02-06T00:00:00Z,518773,1486,2403.8571428571427
2021-02-07T00:00:00Z,519590,817,2325.285714285714
2021-02-08T00:00:00Z,522231,2641,2307.1428571428573
2021-02-09T00:00:00Z,524166,1935,2239.714285714286
2021-02-10T00:00:00Z,526422,2256,2085.1428571428573
2021-02-11T00:00:00Z,528512,2090,1961
2021-02-12T00:00:00Z,530202,1690,1845
2021-02-13T00:00:00Z,531309,1107,1790.857142857143
2021-02-14T00:00:00Z,532106,797,1788
2021-02-15T00:00:00Z,533719,1613,1641.142857142857
2021-02-16T00:00:00Z,535621,1902,1636.4285714285713
2021-02-17T00:00:00Z,537482,1861,1580
2021-02-18T00:00:00Z,539157,1675,1520.7142857142858
2021-02-19T00:00:00Z,540586,1429,1483.4285714285713
2021-02-20T00:00:00Z,541613,1027,1472
2021-02-21T00:00:00Z,542521,908,1487.857142857143
2021-02-22T00:00:00Z,544414,1893,1527.857142857143
2021-02-23T00:00:00Z,545560,1146,1419.857142857143
2021-02-24T00:00:00Z,545624,64,1163.142857142857
