Date,Positive Total,Positive New,7-day confirmed case average
2020-01-29T00:00:00Z,1,1,NA
2020-01-30T00:00:00Z,1,0,NA
2020-01-31T00:00:00Z,1,0,NA
2020-02-01T00:00:00Z,1,0,NA
2020-02-02T00:00:00Z,1,0,NA
2020-02-03T00:00:00Z,1,0,NA
2020-02-04T00:00:00Z,1,0,0.142857143
2020-02-05T00:00:00Z,1,0,0
2020-02-06T00:00:00Z,2,1,0.142857143
2020-02-07T00:00:00Z,2,0,0.142857143
2020-02-08T00:00:00Z,2,0,0.142857143
2020-02-09T00:00:00Z,2,0,0.142857143
2020-02-10T00:00:00Z,2,0,0.142857143
2020-02-11T00:00:00Z,2,0,0.142857143
2020-02-12T00:00:00Z,2,0,0.142857143
2020-02-13T00:00:00Z,2,0,0
2020-02-14T00:00:00Z,2,0,0
2020-02-15T00:00:00Z,2,0,0
2020-02-16T00:00:00Z,2,0,0
2020-02-17T00:00:00Z,2,0,0
2020-02-18T00:00:00Z,2,0,0
2020-02-19T00:00:00Z,2,0,0
2020-02-20T00:00:00Z,2,0,0
2020-02-21T00:00:00Z,2,0,0
2020-02-22T00:00:00Z,2,0,0
2020-02-23T00:00:00Z,2,0,0
2020-02-24T00:00:00Z,2,0,0
2020-02-25T00:00:00Z,2,0,0
2020-02-26T00:00:00Z,2,0,0
2020-02-27T00:00:00Z,2,0,0
2020-02-28T00:00:00Z,2,0,0
2020-02-29T00:00:00Z,2,0,0
2020-03-01T00:00:00Z,3,1,0.142857143
2020-03-02T00:00:00Z,3,0,0.142857143
2020-03-03T00:00:00Z,4,1,0.285714286
2020-03-04T00:00:00Z,6,2,0.571428571
2020-03-05T00:00:00Z,14,8,1.714285714
2020-03-06T00:00:00Z,28,14,3.714285714
2020-03-07T00:00:00Z,72,44,10
2020-03-08T00:00:00Z,91,19,12.57142857
2020-03-09T00:00:00Z,96,5,13.28571429
2020-03-10T00:00:00Z,110,14,15.14285714
2020-03-11T00:00:00Z,132,22,18
2020-03-12T00:00:00Z,161,29,21
2020-03-13T00:00:00Z,222,61,27.71428571
2020-03-14T00:00:00Z,295,73,31.85714286
2020-03-15T00:00:00Z,363,68,38.85714286
2020-03-16T00:00:00Z,513,150,59.57142857
2020-03-17T00:00:00Z,762,249,93.14285714
2020-03-18T00:00:00Z,1021,259,127
2020-03-19T00:00:00Z,1299,278,162.5714286
2020-03-20T00:00:00Z,1687,388,209.2857143
2020-03-21T00:00:00Z,2009,322,244.8571429
2020-03-22T00:00:00Z,2295,286,276
2020-03-23T00:00:00Z,2904,609,341.5714286
2020-03-24T00:00:00Z,3622,718,408.5714286
2020-03-25T00:00:00Z,4368,746,478.1428571
2020-03-26T00:00:00Z,5303,935,572
2020-03-27T00:00:00Z,6246,943,651.2857143
2020-03-28T00:00:00Z,6900,654,698.7142857
2020-03-29T00:00:00Z,7423,523,732.5714286
2020-03-30T00:00:00Z,8661,1238,822.4285714
2020-03-31T00:00:00Z,9927,1266,900.7142857
2020-04-01T00:00:00Z,11265,1338,985.2857143
2020-04-02T00:00:00Z,12540,1275,1033.857143
2020-04-03T00:00:00Z,14020,1480,1110.571429
2020-04-04T00:00:00Z,15182,1162,1183.142857
2020-04-05T00:00:00Z,16159,977,1248
2020-04-06T00:00:00Z,18091,1932,1347.142857
2020-04-07T00:00:00Z,20112,2021,1455
2020-04-08T00:00:00Z,21976,1864,1530.142857
2020-04-09T00:00:00Z,23954,1978,1630.571429
2020-04-10T00:00:00Z,26009,2055,1712.714286
2020-04-11T00:00:00Z,27338,1329,1736.571429
2020-04-12T00:00:00Z,28269,931,1729.857143
2020-04-13T00:00:00Z,30255,1986,1737.571429
2020-04-14T00:00:00Z,33182,2927,1867
2020-04-15T00:00:00Z,35722,2540,1963.571429
2020-04-16T00:00:00Z,38108,2386,2021.857143
2020-04-17T00:00:00Z,41097,2989,2155.285714
2020-04-18T00:00:00Z,42577,1480,2176.857143
2020-04-19T00:00:00Z,43666,1089,2199.571429
2020-04-20T00:00:00Z,46351,2685,2299.428571
2020-04-21T00:00:00Z,48537,2186,2193.571429
2020-04-22T00:00:00Z,51240,2703,2216.857143
2020-04-23T00:00:00Z,53645,2405,2219.571429
2020-04-24T00:00:00Z,55919,2274,2117.428571
2020-04-25T00:00:00Z,57411,1492,2119.142857
2020-04-26T00:00:00Z,58255,844,2084.142857
2020-04-27T00:00:00Z,60383,2128,2004.571429
2020-04-28T00:00:00Z,62486,2103,1992.714286
2020-04-29T00:00:00Z,64671,2185,1918.714286
2020-04-30T00:00:00Z,66718,2047,1867.571429
2020-05-01T00:00:00Z,68799,2081,1840
2020-05-02T00:00:00Z,69828,1029,1773.857143
2020-05-03T00:00:00Z,70561,733,1758
2020-05-04T00:00:00Z,72439,1878,1722.285714
2020-05-05T00:00:00Z,74171,1732,1669.428571
2020-05-06T00:00:00Z,75869,1698,1599.857143
2020-05-07T00:00:00Z,77546,1677,1547
2020-05-08T00:00:00Z,78999,1453,1457.285714
2020-05-09T00:00:00Z,79681,682,1407.714286
2020-05-10T00:00:00Z,80066,385,1358
2020-05-11T00:00:00Z,81371,1305,1276.142857
2020-05-12T00:00:00Z,82821,1450,1235.714286
2020-05-13T00:00:00Z,84132,1311,1180.428571
2020-05-14T00:00:00Z,85447,1315,1128.714286
2020-05-15T00:00:00Z,86551,1104,1079
2020-05-16T00:00:00Z,87196,645,1073.714286
2020-05-17T00:00:00Z,87559,363,1070.571429
2020-05-18T00:00:00Z,88870,1311,1071.428571
2020-05-19T00:00:00Z,89943,1073,1017.571429
2020-05-20T00:00:00Z,90954,1011,974.7142857
2020-05-21T00:00:00Z,91917,963,924.4285714
2020-05-22T00:00:00Z,92779,862,889.7142857
2020-05-23T00:00:00Z,93166,387,852.8571429
2020-05-24T00:00:00Z,93467,301,844
2020-05-25T00:00:00Z,93665,198,685
2020-05-26T00:00:00Z,94529,864,655.1428571
2020-05-27T00:00:00Z,95216,687,608.8571429
2020-05-28T00:00:00Z,95855,639,562.5714286
2020-05-29T00:00:00Z,96385,530,515.1428571
2020-05-30T00:00:00Z,96656,271,498.5714286
2020-05-31T00:00:00Z,96817,161,478.5714286
2020-06-01T00:00:00Z,97325,508,522.8571429
2020-06-02T00:00:00Z,97772,447,463.2857143
2020-06-03T00:00:00Z,98231,459,430.7142857
2020-06-04T00:00:00Z,98609,378,393.4285714
2020-06-05T00:00:00Z,98946,337,365.8571429
2020-06-06T00:00:00Z,99094,148,348.2857143
2020-06-07T00:00:00Z,99245,151,346.8571429
2020-06-08T00:00:00Z,99596,351,324.5714286
2020-06-09T00:00:00Z,99938,342,309.7142857
2020-06-10T00:00:00Z,100197,259,281.1428571
2020-06-11T00:00:00Z,100423,226,259.4285714
2020-06-12T00:00:00Z,100677,254,247.5714286
2020-06-13T00:00:00Z,100774,97,240.2857143
2020-06-14T00:00:00Z,100850,76,229.5714286
2020-06-15T00:00:00Z,101085,235,212.8571429
2020-06-16T00:00:00Z,101283,198,192.1428571
2020-06-17T00:00:00Z,101531,248,190.5714286
2020-06-18T00:00:00Z,101771,240,192.5714286
2020-06-19T00:00:00Z,101946,175,181.2857143
2020-06-20T00:00:00Z,102039,93,180.7142857
2020-06-21T00:00:00Z,102118,79,181.1428571
2020-06-22T00:00:00Z,102342,224,179.5714286
2020-06-23T00:00:00Z,102531,189,178.2857143
2020-06-24T00:00:00Z,102741,210,172.8571429
2020-06-25T00:00:00Z,102947,206,168
2020-06-26T00:00:00Z,103145,198,171.2857143
2020-06-27T00:00:00Z,103279,134,177.1428571
2020-06-28T00:00:00Z,103350,71,176
2020-06-29T00:00:00Z,103555,205,173.2857143
2020-06-30T00:00:00Z,103775,220,177.7142857
2020-07-01T00:00:00Z,103991,216,178.5714286
2020-07-02T00:00:00Z,104217,226,181.4285714
2020-07-03T00:00:00Z,104316,99,167.2857143
2020-07-04T00:00:00Z,104376,60,156.7142857
2020-07-05T00:00:00Z,104477,101,161
2020-07-06T00:00:00Z,104714,237,165.5714286
2020-07-07T00:00:00Z,104955,241,168.5714286
2020-07-08T00:00:00Z,105171,216,168.5714286
2020-07-09T00:00:00Z,105425,254,172.5714286
2020-07-10T00:00:00Z,105653,228,191
2020-07-11T00:00:00Z,105770,117,199.1428571
2020-07-12T00:00:00Z,105857,87,197.1428571
2020-07-13T00:00:00Z,106123,266,201.2857143
2020-07-14T00:00:00Z,106355,232,200
2020-07-15T00:00:00Z,106653,298,211.7142857
2020-07-16T00:00:00Z,106898,245,210.2857143
2020-07-17T00:00:00Z,107125,227,210.1428571
2020-07-18T00:00:00Z,107253,128,211.7142857
2020-07-19T00:00:00Z,107327,74,209.8571429
2020-07-20T00:00:00Z,107606,279,211.7142857
2020-07-21T00:00:00Z,107861,255,215
2020-07-22T00:00:00Z,108119,258,209.2857143
2020-07-23T00:00:00Z,108377,258,211.2857143
2020-07-24T00:00:00Z,108634,257,215.5714286
2020-07-25T00:00:00Z,108793,159,220
2020-07-26T00:00:00Z,108894,101,223.8571429
2020-07-27T00:00:00Z,109255,361,235.5714286
2020-07-28T00:00:00Z,109575,320,244.8571429
2020-07-29T00:00:00Z,109894,319,253.5714286
2020-07-30T00:00:00Z,110230,336,264.7142857
2020-07-31T00:00:00Z,110549,319,273.5714286
2020-08-01T00:00:00Z,110696,147,271.8571429
2020-08-02T00:00:00Z,110805,109,273
2020-08-03T00:00:00Z,111163,358,272.5714286
2020-08-04T00:00:00Z,111471,308,270.8571429
2020-08-05T00:00:00Z,111804,333,272.8571429
2020-08-06T00:00:00Z,112158,354,275.4285714
2020-08-07T00:00:00Z,112457,299,272.5714286
2020-08-08T00:00:00Z,112626,169,275.7142857
2020-08-09T00:00:00Z,112711,85,272.2857143
2020-08-10T00:00:00Z,113085,374,274.5714286
2020-08-11T00:00:00Z,113369,284,271.1428571
2020-08-12T00:00:00Z,113673,304,267
2020-08-13T00:00:00Z,114022,349,266.2857143
2020-08-14T00:00:00Z,114365,343,272.4285714
2020-08-15T00:00:00Z,114516,151,269.8571429
2020-08-16T00:00:00Z,114636,120,274.8571429
2020-08-17T00:00:00Z,115005,369,274.1428571
2020-08-18T00:00:00Z,115386,381,288
2020-08-19T00:00:00Z,115723,337,292.7142857
2020-08-20T00:00:00Z,116079,356,293.7142857
2020-08-21T00:00:00Z,116362,283,285.2857143
2020-08-22T00:00:00Z,116510,148,284.8571429
2020-08-23T00:00:00Z,116602,92,280.8571429
2020-08-24T00:00:00Z,116997,395,284.7142857
2020-08-25T00:00:00Z,117376,379,284.4285714
2020-08-26T00:00:00Z,117755,379,290.4285714
2020-08-27T00:00:00Z,118099,344,288.7142857
2020-08-28T00:00:00Z,118462,363,300.1428571
2020-08-29T00:00:00Z,118634,172,303.5714286
2020-08-30T00:00:00Z,118773,139,310.2857143
2020-08-31T00:00:00Z,119212,439,316.2857143
2020-09-01T00:00:00Z,119607,395,318.5714286
2020-09-02T00:00:00Z,119991,384,319.2857143
2020-09-03T00:00:00Z,120455,464,336.4285714
2020-09-04T00:00:00Z,120802,347,334.2857143
2020-09-05T00:00:00Z,121000,198,338
2020-09-06T00:00:00Z,121112,112,334.1428571
2020-09-07T00:00:00Z,121273,161,294.5714286
2020-09-08T00:00:00Z,121819,546,316.2857143
2020-09-09T00:00:00Z,122294,475,329.1428571
2020-09-10T00:00:00Z,122705,411,321.2857143
2020-09-11T00:00:00Z,123114,409,330
2020-09-12T00:00:00Z,123303,189,328.7142857
2020-09-13T00:00:00Z,123464,161,335.7142857
2020-09-14T00:00:00Z,123967,503,384.5714286
2020-09-15T00:00:00Z,124391,424,367
2020-09-16T00:00:00Z,124804,413,358.2857143
2020-09-17T00:00:00Z,125158,354,350.5714286
2020-09-18T00:00:00Z,125594,436,354.4285714
2020-09-19T00:00:00Z,125796,202,356.2857143
2020-09-20T00:00:00Z,125937,141,353.4285714
2020-09-21T00:00:00Z,126364,427,342.5714286
2020-09-22T00:00:00Z,126872,508,354.5714286
2020-09-23T00:00:00Z,127432,560,375.5714286
2020-09-24T00:00:00Z,128029,597,410.1428571
2020-09-25T00:00:00Z,128582,553,426.8571429
2020-09-26T00:00:00Z,128946,364,450
2020-09-27T00:00:00Z,129171,225,461.8571429
2020-09-28T00:00:00Z,130038,867,524.7142857
2020-09-29T00:00:00Z,130758,720,555
2020-09-30T00:00:00Z,131371,613,562.5714286
2020-10-01T00:00:00Z,132055,684,574.8571429
2020-10-02T00:00:00Z,132620,565,576.5714286
2020-10-03T00:00:00Z,133028,408,582.8571429
2020-10-04T00:00:00Z,133320,292,592.5714286
2020-10-05T00:00:00Z,134071,751,575.8571429
2020-10-06T00:00:00Z,134807,736,577.8571429
2020-10-07T00:00:00Z,135529,722,593.2857143
2020-10-08T00:00:00Z,136364,835,614.8571429
2020-10-09T00:00:00Z,137053,689,632.5714286
2020-10-10T00:00:00Z,137466,413,633.2857143
2020-10-11T00:00:00Z,137730,264,629.2857143
2020-10-12T00:00:00Z,138325,595,606.8571429
2020-10-13T00:00:00Z,139111,786,614.2857143
2020-10-14T00:00:00Z,140009,898,639.7142857
2020-10-15T00:00:00Z,140959,950,656.2857143
2020-10-16T00:00:00Z,141825,866,681.5714286
2020-10-17T00:00:00Z,142369,544,700.2857143
2020-10-18T00:00:00Z,142700,331,709.8571429
2020-10-19T00:00:00Z,143779,1079,779.2857143
2020-10-20T00:00:00Z,144899,1120,826.8571429
2020-10-21T00:00:00Z,146100,1201,869.8571429
2020-10-22T00:00:00Z,147476,1376,930.7142857
2020-10-23T00:00:00Z,148700,1224,981.8571429
2020-10-24T00:00:00Z,149489,789,1016.857143
2020-10-25T00:00:00Z,149973,484,1038.714286
2020-10-26T00:00:00Z,151497,1524,1102.428571
2020-10-27T00:00:00Z,152843,1346,1134.714286
2020-10-28T00:00:00Z,154283,1440,1169
2020-10-29T00:00:00Z,155669,1386,1170.285714
2020-10-30T00:00:00Z,156793,1124,1156.142857
2020-10-31T00:00:00Z,157663,870,1167.857143
2020-11-01T00:00:00Z,158185,522,1173.285714
2020-11-02T00:00:00Z,160021,1836,1218
2020-11-03T00:00:00Z,161927,1906,1298
2020-11-04T00:00:00Z,164102,2175,1402.857143
2020-11-05T00:00:00Z,166518,2416,1550.142857
2020-11-06T00:00:00Z,168758,2240,1709
2020-11-07T00:00:00Z,170085,1327,1774
2020-11-08T00:00:00Z,171028,943,1834.142857
2020-11-09T00:00:00Z,174205,3177,2025.428571
2020-11-10T00:00:00Z,177027,2822,2156.285714
2020-11-11T00:00:00Z,179688,2661,2225.714286
2020-11-12T00:00:00Z,182671,2983,2307
2020-11-13T00:00:00Z,185279,2608,2359.714286
2020-11-14T00:00:00Z,186991,1712,2414.571429
2020-11-15T00:00:00Z,188184,1193,2450.142857
2020-11-16T00:00:00Z,191711,3527,2499.857143
2020-11-17T00:00:00Z,194850,3139,2544.714286
2020-11-18T00:00:00Z,197772,2922,2582.428571
2020-11-19T00:00:00Z,200772,3000,2584.571429
2020-11-20T00:00:00Z,203621,2849,2619.142857
2020-11-21T00:00:00Z,205388,1767,2627.428571
2020-11-22T00:00:00Z,206583,1195,2627.285714
2020-11-23T00:00:00Z,210179,3596,2636.714286
2020-11-24T00:00:00Z,213974,3795,2729.714286
2020-11-25T00:00:00Z,216919,2945,2732
2020-11-26T00:00:00Z,217365,446,2367
2020-11-27T00:00:00Z,220750,3385,2443.285714
2020-11-28T00:00:00Z,223658,2908,2605.714286
2020-11-29T00:00:00Z,225421,1763,2686.714286
2020-11-30T00:00:00Z,230927,5506,2959.571429
2020-12-01T00:00:00Z,236794,5867,3255.285714
2020-12-02T00:00:00Z,242891,6097,3703
2020-12-03T00:00:00Z,248702,5811,4462.142857
2020-12-04T00:00:00Z,254002,5300,4732.857143
2020-12-05T00:00:00Z,256190,2188,4629.142857
2020-12-06T00:00:00Z,258291,2101,4678.142857
2020-12-07T00:00:00Z,264507,6216,4778.428571
2020-12-08T00:00:00Z,269914,5407,4712.142857
2020-12-09T00:00:00Z,275326,5412,4615.428571
2020-12-10T00:00:00Z,280782,5456,4571.857143
2020-12-11T00:00:00Z,285726,4944,4523
2020-12-12T00:00:00Z,288595,2869,4621.571429
2020-12-13T00:00:00Z,290799,2204,4635.142857
2020-12-14T00:00:00Z,297066,6267,4642.142857
2020-12-15T00:00:00Z,303075,6009,4727.714286
2020-12-16T00:00:00Z,308713,5638,4760.428571
2020-12-17T00:00:00Z,310289,1576,4204.142857
2020-12-18T00:00:00Z,315969,5680,4304.428571
2020-12-19T00:00:00Z,319626,3657,4410.857143
2020-12-20T00:00:00Z,321962,2336,4423.142857
2020-12-21T00:00:00Z,328440,6478,4441.142857
2020-12-22T00:00:00Z,334389,5949,4404.285714
2020-12-23T00:00:00Z,338863,4474,4166.714286
2020-12-24T00:00:00Z,341515,2652,4235.428571
2020-12-25T00:00:00Z,341995,480,3485.142857
2020-12-26T00:00:00Z,346186,4191,3335.857143
2020-12-27T00:00:00Z,348859,2673,3034.857143
2020-12-28T00:00:00Z,357242,8383,2635
2020-12-29T00:00:00Z,364418,7176,4289.857142857143
2020-12-30T00:00:00Z,370133,5715,4467.142857142857
2020-12-31T00:00:00Z,374305,4172,4684.285714285715
2021-01-01T00:00:00Z,375662,1357,4809.571428571428
2021-01-02T00:00:00Z,380349,4687,4880.428571428572
2021-01-03T00:00:00Z,383337,2988,4925.428571428572
2021-01-04T00:00:00Z,392368,9031,5018
2021-01-05T00:00:00Z,400069,7701,5093
2021-01-06T00:00:00Z,407135,7066,5286
2021-01-07T00:00:00Z,413600,6465,5613.571428571428
2021-01-08T00:00:00Z,419344,5744,6240.285714285715
2021-01-09T00:00:00Z,422955,3611,6086.571428571428
2021-01-10T00:00:00Z,425331,2376,5999.142857142857
2021-01-11T00:00:00Z,431790,6459,5631.714285714285
2021-01-12T00:00:00Z,437318,5528,5321.285714285715
2021-01-13T00:00:00Z,442223,4905,5012.571428571428
2021-01-14T00:00:00Z,447226,5003,4803.714285714285
2021-01-15T00:00:00Z,451621,4395,4611
2021-01-16T00:00:00Z,454290,2669,4476.428571428572
2021-01-17T00:00:00Z,456287,1997,4422.285714285715
2021-01-18T00:00:00Z,460604,4317,4116.285714285715
2021-01-19T00:00:00Z,465974,5370,4093.714285714286
2021-01-20T00:00:00Z,470405,4431,4026
2021-01-21T00:00:00Z,474729,4324,3929
2021-01-22T00:00:00Z,478655,3926,3862
2021-01-23T00:00:00Z,481097,2442,3829.5714285714284
2021-01-24T00:00:00Z,482667,1570,3768.5714285714284
2021-01-25T00:00:00Z,486588,3921,3712
2021-01-26T00:00:00Z,488742,2154,3252.5714285714284
2021-01-27T00:00:00Z,488861,119,2636.5714285714284
