Date,Positive Total,Positive New,7-day confirmed case average
2020-01-29T00:00:00Z,1,1,NA
2020-01-30T00:00:00Z,1,0,NA
2020-01-31T00:00:00Z,1,0,NA
2020-02-01T00:00:00Z,1,0,NA
2020-02-02T00:00:00Z,1,0,NA
2020-02-03T00:00:00Z,1,0,NA
2020-02-04T00:00:00Z,1,0,0.142857143
2020-02-05T00:00:00Z,1,0,0
2020-02-06T00:00:00Z,2,1,0.142857143
2020-02-07T00:00:00Z,2,0,0.142857143
2020-02-08T00:00:00Z,2,0,0.142857143
2020-02-09T00:00:00Z,2,0,0.142857143
2020-02-10T00:00:00Z,2,0,0.142857143
2020-02-11T00:00:00Z,2,0,0.142857143
2020-02-12T00:00:00Z,2,0,0.142857143
2020-02-13T00:00:00Z,2,0,0
2020-02-14T00:00:00Z,2,0,0
2020-02-15T00:00:00Z,2,0,0
2020-02-16T00:00:00Z,2,0,0
2020-02-17T00:00:00Z,2,0,0
2020-02-18T00:00:00Z,2,0,0
2020-02-19T00:00:00Z,2,0,0
2020-02-20T00:00:00Z,2,0,0
2020-02-21T00:00:00Z,2,0,0
2020-02-22T00:00:00Z,2,0,0
2020-02-23T00:00:00Z,2,0,0
2020-02-24T00:00:00Z,2,0,0
2020-02-25T00:00:00Z,2,0,0
2020-02-26T00:00:00Z,2,0,0
2020-02-27T00:00:00Z,2,0,0
2020-02-28T00:00:00Z,2,0,0
2020-02-29T00:00:00Z,2,0,0
2020-03-01T00:00:00Z,3,1,0.142857143
2020-03-02T00:00:00Z,3,0,0.142857143
2020-03-03T00:00:00Z,4,1,0.285714286
2020-03-04T00:00:00Z,6,2,0.571428571
2020-03-05T00:00:00Z,14,8,1.714285714
2020-03-06T00:00:00Z,28,14,3.714285714
2020-03-07T00:00:00Z,72,44,10
2020-03-08T00:00:00Z,91,19,12.57142857
2020-03-09T00:00:00Z,96,5,13.28571429
2020-03-10T00:00:00Z,110,14,15.14285714
2020-03-11T00:00:00Z,132,22,18
2020-03-12T00:00:00Z,161,29,21
2020-03-13T00:00:00Z,222,61,27.71428571
2020-03-14T00:00:00Z,295,73,31.85714286
2020-03-15T00:00:00Z,363,68,38.85714286
2020-03-16T00:00:00Z,513,150,59.57142857
2020-03-17T00:00:00Z,762,249,93.14285714
2020-03-18T00:00:00Z,1021,259,127
2020-03-19T00:00:00Z,1299,278,162.5714286
2020-03-20T00:00:00Z,1687,388,209.2857143
2020-03-21T00:00:00Z,2009,322,244.8571429
2020-03-22T00:00:00Z,2295,286,276
2020-03-23T00:00:00Z,2904,609,341.5714286
2020-03-24T00:00:00Z,3622,718,408.5714286
2020-03-25T00:00:00Z,4369,747,478.1428571
2020-03-26T00:00:00Z,5304,935,572
2020-03-27T00:00:00Z,6247,943,651.2857143
2020-03-28T00:00:00Z,6901,654,698.7142857
2020-03-29T00:00:00Z,7424,523,732.5714286
2020-03-30T00:00:00Z,8662,1238,822.4285714
2020-03-31T00:00:00Z,9928,1266,900.7142857
2020-04-01T00:00:00Z,11266,1338,985.2857143
2020-04-02T00:00:00Z,12541,1275,1033.857143
2020-04-03T00:00:00Z,14020,1479,1110.571429
2020-04-04T00:00:00Z,15182,1162,1183.142857
2020-04-05T00:00:00Z,16159,977,1248
2020-04-06T00:00:00Z,18091,1932,1347.142857
2020-04-07T00:00:00Z,20112,2021,1455
2020-04-08T00:00:00Z,21976,1864,1530.142857
2020-04-09T00:00:00Z,23954,1978,1630.571429
2020-04-10T00:00:00Z,26009,2055,1712.714286
2020-04-11T00:00:00Z,27337,1328,1736.571429
2020-04-12T00:00:00Z,28268,931,1729.857143
2020-04-13T00:00:00Z,30254,1986,1737.571429
2020-04-14T00:00:00Z,33181,2927,1867
2020-04-15T00:00:00Z,35721,2540,1963.571429
2020-04-16T00:00:00Z,38108,2387,2021.857143
2020-04-17T00:00:00Z,41097,2989,2155.285714
2020-04-18T00:00:00Z,42577,1480,2176.857143
2020-04-19T00:00:00Z,43666,1089,2199.571429
2020-04-20T00:00:00Z,46351,2685,2299.428571
2020-04-21T00:00:00Z,48536,2185,2193.571429
2020-04-22T00:00:00Z,51239,2703,2216.857143
2020-04-23T00:00:00Z,53644,2405,2219.571429
2020-04-24T00:00:00Z,55916,2272,2117.428571
2020-04-25T00:00:00Z,57408,1492,2119.142857
2020-04-26T00:00:00Z,58252,844,2084.142857
2020-04-27T00:00:00Z,60380,2128,2004.571429
2020-04-28T00:00:00Z,62483,2103,1992.714286
2020-04-29T00:00:00Z,64668,2185,1918.714286
2020-04-30T00:00:00Z,66715,2047,1867.571429
2020-05-01T00:00:00Z,68796,2081,1840
2020-05-02T00:00:00Z,69825,1029,1773.857143
2020-05-03T00:00:00Z,70558,733,1758
2020-05-04T00:00:00Z,72436,1878,1722.285714
2020-05-05T00:00:00Z,74168,1732,1669.428571
2020-05-06T00:00:00Z,75865,1697,1599.857143
2020-05-07T00:00:00Z,77540,1675,1547
2020-05-08T00:00:00Z,78992,1452,1457.285714
2020-05-09T00:00:00Z,79674,682,1407.714286
2020-05-10T00:00:00Z,80059,385,1358
2020-05-11T00:00:00Z,81362,1303,1276.142857
2020-05-12T00:00:00Z,82812,1450,1235.714286
2020-05-13T00:00:00Z,84123,1311,1180.428571
2020-05-14T00:00:00Z,85437,1314,1128.714286
2020-05-15T00:00:00Z,86540,1103,1079
2020-05-16T00:00:00Z,87185,645,1073.714286
2020-05-17T00:00:00Z,87548,363,1070.571429
2020-05-18T00:00:00Z,88858,1310,1071.428571
2020-05-19T00:00:00Z,89930,1072,1017.571429
2020-05-20T00:00:00Z,90941,1011,974.7142857
2020-05-21T00:00:00Z,91904,963,924.4285714
2020-05-22T00:00:00Z,92766,862,889.7142857
2020-05-23T00:00:00Z,93152,386,852.8571429
2020-05-24T00:00:00Z,93453,301,844
2020-05-25T00:00:00Z,93651,198,685
2020-05-26T00:00:00Z,94515,864,655.1428571
2020-05-27T00:00:00Z,95201,686,608.8571429
2020-05-28T00:00:00Z,95840,639,562.5714286
2020-05-29T00:00:00Z,96370,530,515.1428571
2020-05-30T00:00:00Z,96640,270,498.5714286
2020-05-31T00:00:00Z,96801,161,478.5714286
2020-06-01T00:00:00Z,97309,508,522.8571429
2020-06-02T00:00:00Z,97756,447,463.2857143
2020-06-03T00:00:00Z,98215,459,430.7142857
2020-06-04T00:00:00Z,98593,378,393.4285714
2020-06-05T00:00:00Z,98930,337,365.8571429
2020-06-06T00:00:00Z,99078,148,348.2857143
2020-06-07T00:00:00Z,99229,151,346.8571429
2020-06-08T00:00:00Z,99579,350,324.5714286
2020-06-09T00:00:00Z,99920,341,309.7142857
2020-06-10T00:00:00Z,100179,259,281.1428571
2020-06-11T00:00:00Z,100405,226,259.4285714
2020-06-12T00:00:00Z,100659,254,247.5714286
2020-06-13T00:00:00Z,100755,96,240.2857143
2020-06-14T00:00:00Z,100831,76,229.5714286
2020-06-15T00:00:00Z,101066,235,212.8571429
2020-06-16T00:00:00Z,101264,198,192.1428571
2020-06-17T00:00:00Z,101512,248,190.5714286
2020-06-18T00:00:00Z,101752,240,192.5714286
2020-06-19T00:00:00Z,101927,175,181.2857143
2020-06-20T00:00:00Z,102020,93,180.7142857
2020-06-21T00:00:00Z,102099,79,181.1428571
2020-06-22T00:00:00Z,102323,224,179.5714286
2020-06-23T00:00:00Z,102512,189,178.2857143
2020-06-24T00:00:00Z,102722,210,172.8571429
2020-06-25T00:00:00Z,102928,206,168
2020-06-26T00:00:00Z,103126,198,171.2857143
2020-06-27T00:00:00Z,103260,134,177.1428571
2020-06-28T00:00:00Z,103331,71,176
2020-06-29T00:00:00Z,103536,205,173.2857143
2020-06-30T00:00:00Z,103756,220,177.7142857
2020-07-01T00:00:00Z,103972,216,178.5714286
2020-07-02T00:00:00Z,104198,226,181.4285714
2020-07-03T00:00:00Z,104297,99,167.2857143
2020-07-04T00:00:00Z,104357,60,156.7142857
2020-07-05T00:00:00Z,104458,101,161
2020-07-06T00:00:00Z,104695,237,165.5714286
2020-07-07T00:00:00Z,104936,241,168.5714286
2020-07-08T00:00:00Z,105152,216,168.5714286
2020-07-09T00:00:00Z,105406,254,172.5714286
2020-07-10T00:00:00Z,105634,228,191
2020-07-11T00:00:00Z,105751,117,199.1428571
2020-07-12T00:00:00Z,105838,87,197.1428571
2020-07-13T00:00:00Z,106104,266,201.2857143
2020-07-14T00:00:00Z,106336,232,200
2020-07-15T00:00:00Z,106634,298,211.7142857
2020-07-16T00:00:00Z,106879,245,210.2857143
2020-07-17T00:00:00Z,107106,227,210.1428571
2020-07-18T00:00:00Z,107234,128,211.7142857
2020-07-19T00:00:00Z,107308,74,209.8571429
2020-07-20T00:00:00Z,107587,279,211.7142857
2020-07-21T00:00:00Z,107842,255,215
2020-07-22T00:00:00Z,108100,258,209.2857143
2020-07-23T00:00:00Z,108358,258,211.2857143
2020-07-24T00:00:00Z,108615,257,215.5714286
2020-07-25T00:00:00Z,108774,159,220
2020-07-26T00:00:00Z,108874,100,223.8571429
2020-07-27T00:00:00Z,109235,361,235.5714286
2020-07-28T00:00:00Z,109555,320,244.8571429
2020-07-29T00:00:00Z,109874,319,253.5714286
2020-07-30T00:00:00Z,110210,336,264.7142857
2020-07-31T00:00:00Z,110529,319,273.5714286
2020-08-01T00:00:00Z,110677,148,271.8571429
2020-08-02T00:00:00Z,110786,109,273
2020-08-03T00:00:00Z,111144,358,272.5714286
2020-08-04T00:00:00Z,111451,307,270.8571429
2020-08-05T00:00:00Z,111784,333,272.8571429
2020-08-06T00:00:00Z,112138,354,275.4285714
2020-08-07T00:00:00Z,112437,299,272.5714286
2020-08-08T00:00:00Z,112606,169,275.7142857
2020-08-09T00:00:00Z,112691,85,272.2857143
2020-08-10T00:00:00Z,113063,372,274.5714286
2020-08-11T00:00:00Z,113347,284,271.1428571
2020-08-12T00:00:00Z,113651,304,267
2020-08-13T00:00:00Z,114000,349,266.2857143
2020-08-14T00:00:00Z,114343,343,272.4285714
2020-08-15T00:00:00Z,114494,151,269.8571429
2020-08-16T00:00:00Z,114614,120,274.8571429
2020-08-17T00:00:00Z,114983,369,274.1428571
2020-08-18T00:00:00Z,115363,380,288
2020-08-19T00:00:00Z,115699,336,292.7142857
2020-08-20T00:00:00Z,116056,357,293.7142857
2020-08-21T00:00:00Z,116339,283,285.2857143
2020-08-22T00:00:00Z,116487,148,284.8571429
2020-08-23T00:00:00Z,116579,92,280.8571429
2020-08-24T00:00:00Z,116974,395,284.7142857
2020-08-25T00:00:00Z,117353,379,284.4285714
2020-08-26T00:00:00Z,117733,380,290.4285714
2020-08-27T00:00:00Z,118077,344,288.7142857
2020-08-28T00:00:00Z,118440,363,300.1428571
2020-08-29T00:00:00Z,118612,172,303.5714286
2020-08-30T00:00:00Z,118751,139,310.2857143
2020-08-31T00:00:00Z,119190,439,316.2857143
2020-09-01T00:00:00Z,119586,396,318.5714286
2020-09-02T00:00:00Z,119970,384,319.2857143
2020-09-03T00:00:00Z,120434,464,336.4285714
2020-09-04T00:00:00Z,120780,346,334.2857143
2020-09-05T00:00:00Z,120978,198,338
2020-09-06T00:00:00Z,121091,113,334.1428571
2020-09-07T00:00:00Z,121252,161,294.5714286
2020-09-08T00:00:00Z,121798,546,316.2857143
2020-09-09T00:00:00Z,122273,475,329.1428571
2020-09-10T00:00:00Z,122685,412,321.2857143
2020-09-11T00:00:00Z,123094,409,330
2020-09-12T00:00:00Z,123283,189,328.7142857
2020-09-13T00:00:00Z,123444,161,335.7142857
2020-09-14T00:00:00Z,123947,503,384.5714286
2020-09-15T00:00:00Z,124371,424,367
2020-09-16T00:00:00Z,124784,413,358.2857143
2020-09-17T00:00:00Z,125138,354,350.5714286
2020-09-18T00:00:00Z,125574,436,354.4285714
2020-09-19T00:00:00Z,125776,202,356.2857143
2020-09-20T00:00:00Z,125917,141,353.4285714
2020-09-21T00:00:00Z,126344,427,342.5714286
2020-09-22T00:00:00Z,126852,508,354.5714286
2020-09-23T00:00:00Z,127412,560,375.5714286
2020-09-24T00:00:00Z,128009,597,410.1428571
2020-09-25T00:00:00Z,128562,553,426.8571429
2020-09-26T00:00:00Z,128925,363,450
2020-09-27T00:00:00Z,129150,225,461.8571429
2020-09-28T00:00:00Z,130017,867,524.7142857
2020-09-29T00:00:00Z,130737,720,555
2020-09-30T00:00:00Z,131350,613,562.5714286
2020-10-01T00:00:00Z,132034,684,574.8571429
2020-10-02T00:00:00Z,132599,565,576.5714286
2020-10-03T00:00:00Z,133007,408,582.8571429
2020-10-04T00:00:00Z,133299,292,592.5714286
2020-10-05T00:00:00Z,134049,750,575.8571429
2020-10-06T00:00:00Z,134785,736,577.8571429
2020-10-07T00:00:00Z,135507,722,593.2857143
2020-10-08T00:00:00Z,136342,835,614.8571429
2020-10-09T00:00:00Z,137030,688,632.5714286
2020-10-10T00:00:00Z,137442,412,633.2857143
2020-10-11T00:00:00Z,137706,264,629.2857143
2020-10-12T00:00:00Z,138301,595,606.8571429
2020-10-13T00:00:00Z,139086,785,614.2857143
2020-10-14T00:00:00Z,139983,897,639.7142857
2020-10-15T00:00:00Z,140933,950,656.2857143
2020-10-16T00:00:00Z,141799,866,681.5714286
2020-10-17T00:00:00Z,142342,543,700.2857143
2020-10-18T00:00:00Z,142673,331,709.8571429
2020-10-19T00:00:00Z,143751,1078,779.2857143
2020-10-20T00:00:00Z,144870,1119,826.8571429
2020-10-21T00:00:00Z,146071,1201,869.8571429
2020-10-22T00:00:00Z,147447,1376,930.7142857
2020-10-23T00:00:00Z,148670,1223,981.8571429
2020-10-24T00:00:00Z,149459,789,1016.857143
2020-10-25T00:00:00Z,149942,483,1038.714286
2020-10-26T00:00:00Z,151464,1522,1102.428571
2020-10-27T00:00:00Z,152808,1344,1134.714286
2020-10-28T00:00:00Z,154246,1438,1169
2020-10-29T00:00:00Z,155631,1385,1170.285714
2020-10-30T00:00:00Z,156754,1123,1156.142857
2020-10-31T00:00:00Z,157624,870,1167.857143
2020-11-01T00:00:00Z,158146,522,1173.285714
2020-11-02T00:00:00Z,159981,1835,1218
2020-11-03T00:00:00Z,161886,1905,1298
2020-11-04T00:00:00Z,164059,2173,1402.857143
2020-11-05T00:00:00Z,166474,2415,1550.142857
2020-11-06T00:00:00Z,168713,2239,1709
2020-11-07T00:00:00Z,170041,1328,1774
2020-11-08T00:00:00Z,170984,943,1834.142857
2020-11-09T00:00:00Z,174157,3173,2025.428571
2020-11-10T00:00:00Z,176979,2822,2156.285714
2020-11-11T00:00:00Z,179641,2662,2225.714286
2020-11-12T00:00:00Z,182623,2982,2307
2020-11-13T00:00:00Z,185228,2605,2359.714286
2020-11-14T00:00:00Z,186939,1711,2414.571429
2020-11-15T00:00:00Z,188130,1191,2450.142857
2020-11-16T00:00:00Z,191656,3526,2499.857143
2020-11-17T00:00:00Z,194791,3135,2544.714286
2020-11-18T00:00:00Z,197712,2921,2582.428571
2020-11-19T00:00:00Z,200710,2998,2584.571429
2020-11-20T00:00:00Z,203558,2848,2619.142857
2020-11-21T00:00:00Z,205322,1764,2627.428571
2020-11-22T00:00:00Z,206516,1194,2627.285714
2020-11-23T00:00:00Z,210105,3589,2636.714286
2020-11-24T00:00:00Z,213895,3790,2729.714286
2020-11-25T00:00:00Z,216838,2943,2732
2020-11-26T00:00:00Z,217283,445,2367
2020-11-27T00:00:00Z,220663,3380,2443.285714
2020-11-28T00:00:00Z,223571,2908,2605.714286
2020-11-29T00:00:00Z,225333,1762,2686.714286
2020-11-30T00:00:00Z,230838,5505,2959.571429
2020-12-01T00:00:00Z,236701,5863,3255.285714
2020-12-02T00:00:00Z,242792,6091,3703
2020-12-03T00:00:00Z,248606,5814,4462.142857
2020-12-04T00:00:00Z,253911,5305,4732.857143
2020-12-05T00:00:00Z,256098,2187,4629.142857
2020-12-06T00:00:00Z,258197,2099,4678.142857
2020-12-07T00:00:00Z,264409,6212,4778.428571
2020-12-08T00:00:00Z,269811,5402,4712.142857
2020-12-09T00:00:00Z,275232,5421,4615.428571
2020-12-10T00:00:00Z,280695,5463,4571.857143
2020-12-11T00:00:00Z,285636,4941,4523
2020-12-12T00:00:00Z,288500,2864,4621.571429
2020-12-13T00:00:00Z,290702,2202,4635.142857
2020-12-14T00:00:00Z,296974,6272,4642.142857
2020-12-15T00:00:00Z,302971,5997,4727.714286
2020-12-16T00:00:00Z,308619,5648,4760.428571
2020-12-17T00:00:00Z,310194,1575,4204.142857
2020-12-18T00:00:00Z,315878,5684,4304.428571
2020-12-19T00:00:00Z,319529,3651,4410.857143
2020-12-20T00:00:00Z,321863,2334,4423.142857
2020-12-21T00:00:00Z,328342,6479,4441.142857
2020-12-22T00:00:00Z,334284,5942,4404.285714
2020-12-23T00:00:00Z,338756,4472,4166.714286
2020-12-24T00:00:00Z,341405,2649,4235.428571
2020-12-25T00:00:00Z,341883,478,3485.142857
2020-12-26T00:00:00Z,346073,4190,3335.857143
2020-12-27T00:00:00Z,348740,2667,3034.857143
2020-12-28T00:00:00Z,357132,8392,2635
2020-12-29T00:00:00Z,364314,7182,4290
2020-12-30T00:00:00Z,370030,5716,4467.714285714285
2020-12-31T00:00:00Z,374199,4169,4684.857142857143
2021-01-01T00:00:00Z,375555,1356,4810.285714285715
2021-01-02T00:00:00Z,380239,4684,4880.857142857143
2021-01-03T00:00:00Z,383227,2988,4926.714285714285
2021-01-04T00:00:00Z,392275,9048,5020.428571428572
2021-01-05T00:00:00Z,399989,7714,5096.428571428572
2021-01-06T00:00:00Z,407046,7057,5288
2021-01-07T00:00:00Z,413505,6459,5615.142857142857
2021-01-08T00:00:00Z,419246,5741,6241.571428571428
2021-01-09T00:00:00Z,422842,3596,6086.142857142857
2021-01-10T00:00:00Z,425220,2378,5999
2021-01-11T00:00:00Z,431696,6476,5631.571428571428
2021-01-12T00:00:00Z,437238,5542,5321.285714285715
2021-01-13T00:00:00Z,442136,4898,5012.857142857143
2021-01-14T00:00:00Z,447138,5002,4804.714285714285
2021-01-15T00:00:00Z,451541,4403,4613.571428571428
2021-01-16T00:00:00Z,454210,2669,4481.142857142857
2021-01-17T00:00:00Z,456202,1992,4426
2021-01-18T00:00:00Z,460524,4322,4118.285714285715
2021-01-19T00:00:00Z,465911,5387,4096.142857142857
2021-01-20T00:00:00Z,470350,4439,4030.5714285714284
2021-01-21T00:00:00Z,474691,4341,3936.1428571428573
2021-01-22T00:00:00Z,478640,3949,3871.285714285714
2021-01-23T00:00:00Z,481081,2441,3838.714285714286
2021-01-24T00:00:00Z,482680,1599,3782.5714285714284
2021-01-25T00:00:00Z,487187,4507,3809
2021-01-26T00:00:00Z,491086,3899,3596.4285714285716
2021-01-27T00:00:00Z,494270,3184,3417.1428571428573
2021-01-28T00:00:00Z,497477,3207,3255.1428571428573
2021-01-29T00:00:00Z,500191,2714,3078.714285714286
2021-01-30T00:00:00Z,501937,1746,2979.4285714285716
2021-01-31T00:00:00Z,503304,1367,2946.285714285714
2021-02-01T00:00:00Z,506073,2769,2698
2021-02-02T00:00:00Z,508480,2407,2484.8571428571427
2021-02-03T00:00:00Z,511818,3338,2506.8571428571427
2021-02-04T00:00:00Z,514778,2960,2471.5714285714284
2021-02-05T00:00:00Z,517279,2501,2441.1428571428573
2021-02-06T00:00:00Z,518766,1487,2404.1428571428573
2021-02-07T00:00:00Z,519583,817,2325.5714285714284
2021-02-08T00:00:00Z,522225,2642,2307.4285714285716
2021-02-09T00:00:00Z,524155,1930,2239.285714285714
2021-02-10T00:00:00Z,526411,2256,2084.714285714286
2021-02-11T00:00:00Z,528500,2089,1960.2857142857142
2021-02-12T00:00:00Z,530189,1689,1844.2857142857142
2021-02-13T00:00:00Z,531296,1107,1790
2021-02-14T00:00:00Z,532101,805,1788.2857142857142
2021-02-15T00:00:00Z,533733,1632,1644
2021-02-16T00:00:00Z,535649,1916,1642
2021-02-17T00:00:00Z,537512,1863,1585.857142857143
2021-02-18T00:00:00Z,539197,1685,1528.142857142857
2021-02-19T00:00:00Z,540631,1434,1491.7142857142858
2021-02-20T00:00:00Z,541665,1034,1481.2857142857142
2021-02-21T00:00:00Z,542588,923,1498.142857142857
2021-02-22T00:00:00Z,544683,2095,1564.2857142857142
2021-02-23T00:00:00Z,546468,1785,1545.5714285714287
2021-02-24T00:00:00Z,547937,1469,1489.2857142857142
2021-02-25T00:00:00Z,548801,864,1372
2021-02-26T00:00:00Z,548874,73,1177.5714285714287
